#BLTrackFile VirtualDetector/-9
#x y z Px Py Pz t PDGid EventID TrackID ParentID Weight
#mm mm mm MeV/c MeV/c MeV/c ns - - - - -
15.5861 -10.393 27500 -6.75924 39.3873 232.631 103.768 -13 2 1 0 0.6315
-50.8668 -36.7584 27500 -14.1113 -29.9518 221.758 103.734 -13 23 1 0 0.6315
-12.2155 11.1621 27500 8.89218 41.5065 240.583 103.611 -13 33 1 0 0.6315
7.53294 0.830962 27500 -11.5986 20.9551 190.442 103.806 -13 36 1 0 0.6315
15.9133 37.7606 27500 16.5385 27.0934 193.223 103.421 -13 40 1 0 0.6315
-23.4208 -40.2491 27500 3.70734 21.4823 219.261 103.333 -13 48 1 0 0.6315
39.1173 -21.202 27500 8.49071 4.66925 186.313 103.487 -13 53 1 0 0.6315
27.2778 -7.31969 27500 11.4572 -8.40271 188.029 103.467 -13 55 1 0 0.6315
-1.5524 14.5617 27500 -10.3276 25.7884 225.049 103.493 -13 63 1 0 0.6315
-39.7291 -13.1398 27500 -13.0501 5.71596 203.803 103.408 -13 82 1 0 0.6315
-1.8862 -1.33629 27500 -5.51551 24.3081 225.417 103.596 -13 86 1 0 0.6315
-0.0910508 -16.6513 27500 1.40851 12.2993 240.614 103.501 -13 122 1 0 0.6315
-8.14654 -14.8923 27500 -19.606 39.225 227.727 103.589 -13 123 1 0 0.6315
-17.3324 52.1479 27500 -45.6057 21.8907 181.876 103.804 -13 125 1 0 0.6315
-18.4151 -8.21201 27500 -7.13952 1.08203 211.411 103.26 -13 127 1 0 0.6315
-18.0527 38.3523 27500 -42.0184 26.7898 192.341 103.476 -13 134 1 0 0.6315
16.4435 -11.0024 27500 15.5037 35.8546 219.385 103.666 -13 149 1 0 0.6315
-21.8272 14.8787 27500 -19.0732 27.9977 222.63 103.772 -13 154 1 0 0.6315
-26.8046 1.55704 27500 -17.7629 -0.863731 207.058 103.284 -13 156 1 0 0.6315
-23.4114 -7.52549 27500 10.0722 -0.910876 219.201 103.835 -13 160 1 0 0.6315
39.8574 12.5837 27500 15.3389 58.7539 208.099 103.512 -13 169 1 0 0.6315
19.2521 10.2437 27500 -6.95183 3.98735 201.554 103.802 -13 172 1 0 0.6315
44.232 28.3417 27500 14.9288 43.6015 208.365 103.752 -13 195 1 0 0.6315
50.6647 19.7299 27500 29.068 32.5815 214.854 103.827 -13 198 1 0 0.6315
51.4959 -39.9039 27500 14.4148 -2.65945 198.557 103.273 -13 211 1 0 0.6315
-15.639 1.83838 27500 -16.6644 -5.39212 201.466 103.363 -13 216 1 0 0.6315
-15.1927 -5.57887 27500 14.9111 37.6205 224.184 103.764 -13 218 1 0 0.6315
36.0982 0.346603 27500 10.6154 34.7306 190.91 103.568 -13 221 1 0 0.6315
-42.5425 -4.70928 27500 -49.7209 -13.0169 228.529 103.66 -13 223 1 0 0.6315
-29.3411 -43.3572 27500 -15.2804 -38.8267 226.827 103.514 -13 230 1 0 0.6315
-16.5797 25.3132 27500 -13.2466 7.56624 206.08 103.678 -13 236 1 0 0.6315
13.5062 -40.1081 27500 32.998 6.31692 211.875 103.433 -13 243 1 0 0.6315
4.81842 -19.8349 27500 9.60481 -7.54698 225.762 103.642 -13 261 1 0 0.6315
45.0344 -23.847 27500 7.25918 0.961106 199.03 103.149 -13 274 1 0 0.6315
36.3664 -11.9857 27500 -2.79987 10.5327 205.226 103.011 -13 282 1 0 0.6315
-28.5101 -44.9842 27500 -15.8921 -16.6255 203.114 103.377 -13 286 1 0 0.6315
9.9352 32.2877 27500 -1.97555 63.3032 218.658 103.814 -13 307 1 0 0.6315
-16.2241 -29.3435 27500 19.3609 -16.4126 234.111 103.388 -13 312 1 0 0.6315
-25.108 -21.8046 27500 -47.6015 -3.88227 242.162 103.754 -13 313 1 0 0.6315
2.28764 -17.5222 27500 31.3482 44.9237 236.962 103.731 -13 323 1 0 0.6315
9.12323 44.5727 27500 -6.70586 47.5381 188.61 103.583 -13 328 1 0 0.6315
18.1285 -5.02208 27500 6.79525 6.26702 200.02 103.476 -13 334 1 0 0.6315
91.1221 8.32038 27500 27.0264 38.9612 196.511 103.278 -13 340 1 0 0.6315
40.3815 24.0328 27500 -26.9668 16.9641 206.845 103.434 -13 353 1 0 0.6315
-1.36771 -18.0542 27500 -4.9039 -2.84297 172.198 103.472 -13 366 1 0 0.6315
-17.1609 -10.6766 27500 0.235674 -9.22241 198.164 103.674 -13 375 1 0 0.6315
-13.823 -31.5558 27500 22.0814 -13.7005 224.273 103.423 -13 382 1 0 0.6315
-13.2771 12.3472 27500 13.2571 -1.56288 214.528 103.797 -13 389 1 0 0.6315
59.9918 -38.4402 27500 70.318 28.7517 224.641 103.58 -13 400 1 0 0.6315
12.445 -23.0669 27500 19.1541 0.386864 217.549 103.618 -13 410 1 0 0.6315
-20.151 25.4706 27500 4.58531 15.6474 210.829 103.389 -13 415 1 0 0.6315
-22.4404 48.1405 27500 -6.83294 40.3941 198.067 103.489 -13 444 1 0 0.6315
11.1139 52.9414 27500 -13.7581 50.9937 214.022 103.396 -13 450 1 0 0.6315
-25.1261 19.8522 27500 -29.5274 59.5127 233.192 103.762 -13 462 1 0 0.6315
-6.58506 -32.3425 27500 13.1329 -0.916358 218.895 103.819 -13 471 1 0 0.6315
2.38707 -37.1947 27500 -2.22393 -11.254 226.847 103.44 -13 479 1 0 0.6315
-4.30591 13.9817 27500 19.1629 28.5808 220.577 103.351 -13 480 1 0 0.6315
-17.6518 -29.9383 27500 -28.4397 -2.12928 201.995 103.607 -13 482 1 0 0.6315
19.6972 48.0522 27500 -21.5919 38.8866 209.804 103.367 -13 486 1 0 0.6315
-13.7888 0.656183 27500 -19.292 -5.2349 205.372 103.642 -13 499 1 0 0.6315
10.4513 -13.5182 27500 12.3695 -6.23509 224.861 103.461 -13 507 1 0 0.6315
-23.1052 -13.0527 27500 -8.60604 -0.966303 196.836 103.654 -13 516 1 0 0.6315
51.0346 -16.0351 27500 26.8876 -7.39499 195.828 103.724 -13 523 1 0 0.6315
0.65287 -2.63119 27500 -29.6229 2.84942 207.85 103.322 -13 524 1 0 0.6315
-31.4453 16.4717 27500 -42.5165 16.8622 189.115 103.801 -13 538 1 0 0.6315
42.0824 -32.0983 27500 21.0351 16.7105 226.828 103.773 -13 542 1 0 0.6315
48.1224 37.5588 27500 12.4359 41.7512 204.181 103.504 -13 547 1 0 0.6315
-3.84418 15.5825 27500 -0.0751925 -16.3473 218.968 103.342 -13 553 1 0 0.6315
-43.5695 -11.0628 27500 -21.4889 -6.3001 203.569 103.648 -13 573 1 0 0.6315
17.3299 -9.46583 27500 -17.7758 26.0694 221.832 103.473 -13 577 1 0 0.6315
-53.5632 21.639 27500 -19.8422 1.7332 193.321 103.368 -13 582 1 0 0.6315
44.0951 -20.1606 27500 6.71043 31.2127 196.28 103.988 -13 583 1 0 0.6315
26.7124 -34.2175 27500 30.8086 10.0425 220.66 103.458 -13 599 1 0 0.6315
24.1245 13.8066 27500 -10.4227 17.3863 178.954 103.537 -13 617 1 0 0.6315
-4.24953 46.7335 27500 -12.3299 38.1949 220.273 103.635 -13 632 1 0 0.6315
-4.12042 35.0086 27500 -7.05399 35.2897 212.733 103.635 -13 633 1 0 0.6315
-3.44816 -26.0941 27500 5.66728 26.9152 212.572 103.489 -13 649 1 0 0.6315
-11.9329 5.94307 27500 -24.713 1.5309 196.731 103.455 -13 653 1 0 0.6315
-43.2211 6.6269 27500 -36.9673 -20.2222 192.532 103.38 -13 655 1 0 0.6315
37.5985 2.46265 27500 3.48106 37.3194 214.041 103.514 -13 657 1 0 0.6315
-11.8884 30.6168 27500 -18.108 23.755 217.788 103.574 -13 678 1 0 0.6315
19.5899 14.0455 27500 6.57684 25.217 224.805 103.528 -13 693 1 0 0.6315
43.0136 -27.8681 27500 92.8095 14.2038 230.818 103.447 -13 703 1 0 0.6315
19.0803 -18.6972 27500 -1.51418 1.18135 213.674 103.702 -13 723 1 0 0.6315
34.3097 -7.95464 27500 0.740546 59.8217 231.961 103.837 -13 738 1 0 0.6315
-2.15006 6.9642 27500 -31.8134 9.31566 213.43 103.204 -13 746 1 0 0.6315
30.7445 -11.1742 27500 3.44452 19.9972 208.904 103.626 -13 753 1 0 0.6315
-11.7404 4.55898 27500 -29.8252 -7.2133 212.12 103.437 -13 761 1 0 0.6315
-15.7301 -3.51687 27500 4.9128 10.749 196.565 103.237 -13 777 1 0 0.6315
-1.08065 47.7055 27500 -22.2731 25.4128 195.258 103.863 -13 779 1 0 0.6315
0.0238097 38.5543 27500 -32.9883 26.0481 214.479 103.642 -13 840 1 0 0.6315
5.32685 34.1966 27500 -4.49857 29.4296 206.675 103.601 -13 844 1 0 0.6315
26.8097 13.0287 27500 11.773 36.1289 216.877 103.544 -13 860 1 0 0.6315
-33.292 21.0441 27500 -20.5529 13.7166 186.574 103.617 -13 866 1 0 0.6315
13.651 8.53922 27500 24.9942 17.9189 217.542 103.828 -13 871 1 0 0.6315
-10.7455 30.9442 27500 -6.23954 56.3973 225.585 103.614 -13 876 1 0 0.6315
-41.6941 -5.65342 27500 -28.8251 -2.76857 202.608 103.363 -13 877 1 0 0.6315
20.8658 58.9873 27500 -22.3462 51.5436 186.141 103.59 -13 878 1 0 0.6315
-19.8017 20.2813 27500 -30.5272 7.46619 220.49 103.613 -13 887 1 0 0.6315
8.69109 -14.8866 27500 -6.87294 6.45496 221.37 104.152 -13 891 1 0 0.6315
19.3449 -1.75318 27500 21.2118 11.8627 213.127 103.653 -13 897 1 0 0.6315
-39.1797 -1.07642 27500 -10.5529 -13.5259 235.513 103.69 -13 904 1 0 0.6315
5.69531 -28.3557 27500 -9.50271 -13.3093 204.916 103.658 -13 906 1 0 0.6315
-16.0528 30.7123 27500 -3.20684 22.7434 217.605 103.327 -13 917 1 0 0.6315
-9.3896 37.5302 27500 -16.6099 39.9898 205.556 103.602 -13 921 1 0 0.6315
1.88672 -23.5288 27500 -3.87087 6.18112 228.923 103.569 -13 922 1 0 0.6315
-8.22259 -54.0761 27500 10.952 -18.5726 221.758 103.637 -13 926 1 0 0.6315
51.6335 56.2396 27500 -18.9293 49.7493 188.878 103.436 -13 941 1 0 0.6315
31.2875 4.99142 27500 5.57596 19.7337 197.37 103.6 -13 951 1 0 0.6315
-28.1658 -67.2603 27500 -23.2151 -36.7437 230.02 103.982 -13 955 1 0 0.6315
89.9561 30.3952 27500 46.0103 75.421 230.192 103.687 -13 958 1 0 0.6315
-20.3564 -18.6358 27500 -15.1171 -9.03589 180.795 103.379 -13 982 1 0 0.6315
-5.86643 -24.3514 27500 25.6525 -20.3144 236.162 103.861 -13 993 1 0 0.6315
9.6974 -37.407 27500 41.5109 -26.4005 190.241 103.32 -13 996 1 0 0.6315
-6.79028 -32.7824 27500 2.15191 -3.63068 195.739 103.279 -13 998 1 0 0.6315
-27.9532 -0.902609 27500 -44.1725 6.73754 198.281 103.384 -13 1012 1 0 0.6315
-15.0114 -28.3997 27500 -11.7746 -1.92847 206.845 103.709 -13 1023 1 0 0.6315
35.739 31.487 27500 16.2103 21.3126 208.074 103.448 -13 1043 1 0 0.6315
-29.6385 23.6982 27500 11.3143 20.8556 219.822 103.675 -13 1044 1 0 0.6315
8.13022 -20.6486 27500 24.4313 -0.347371 217.85 103.822 -13 1049 1 0 0.6315
9.84789 15.7287 27500 -45.0909 21.4049 221.268 104.154 -13 1089 1 0 0.6315
-8.03837 52.9175 27500 -17.3945 52.858 204.651 103.824 -13 1107 1 0 0.6315
-5.73052 -39.0853 27500 6.96432 -4.22213 212.252 103.635 -13 1114 1 0 0.6315
-28.2085 24.0751 27500 -29.3575 2.23098 199.514 103.413 -13 1116 1 0 0.6315
42.1513 -26.348 27500 20.041 40.2636 202.934 103.604 -13 1127 1 0 0.6315
-31.6987 -26.564 27500 6.55758 21.9983 233.882 103.461 -13 1151 1 0 0.6315
50.65 30.7178 27500 -4.0893 53.8901 215.198 104.477 -13 1163 1 0 0.6315
6.28404 14.9441 27500 -6.75855 34.0837 241.479 103.728 -13 1170 1 0 0.6315
-27.3165 25.6135 27500 -60.976 -0.628277 215.801 103.792 -13 1194 1 0 0.6315
-44.3366 4.67745 27500 -44.7893 -11.4475 183.663 103.224 -13 1198 1 0 0.6315
3.06625 -3.64332 27500 3.28193 5.60453 226.378 103.581 -13 1199 1 0 0.6315
7.58357 13.0193 27500 -5.64043 23.6615 198.454 103.513 -13 1215 1 0 0.6315
12.9778 -17.7523 27500 -22.7054 2.59766 202.234 103.94 -13 1238 1 0 0.6315
-6.25664 37.2979 27500 -2.24596 41.0188 200.702 103.42 -13 1240 1 0 0.6315
33.6515 32.578 27500 6.00943 55.2874 194.185 103.462 -13 1241 1 0 0.6315
-59.6128 -11.0812 27500 -13.5574 16.1109 209.715 103.229 -13 1246 1 0 0.6315
-36.1185 8.24009 27500 9.25226 -8.47118 227.134 103.761 -13 1250 1 0 0.6315
15.0073 -2.19155 27500 -1.17087 28.4064 227.328 103.532 -13 1252 1 0 0.6315
-4.86014 -3.47115 27500 -10.4255 -9.93263 212.286 103.617 -13 1253 1 0 0.6315
19.5286 32.3415 27500 11.6839 30.3437 210.061 103.65 -13 1256 1 0 0.6315
8.34072 -25.6527 27500 -18.2046 20.8466 226.675 103.339 -13 1279 1 0 0.6315
13.8169 -4.57542 27500 -18.2806 9.22478 225.275 103.555 -13 1284 1 0 0.6315
-29.6334 -18.8135 27500 3.59643 -5.45136 217.036 103.533 -13 1292 1 0 0.6315
-54.4683 26.3333 27500 -51.2371 7.3556 191.422 103.5 -13 1301 1 0 0.6315
-41.5197 -22.5712 27500 -16.5712 -33.5741 221.623 103.758 -13 1313 1 0 0.6315
37.4333 -11.3359 27500 -19.4733 14.9542 232.252 103.826 -13 1314 1 0 0.6315
33.7192 -14.2607 27500 29.1517 -0.778116 213.979 103.242 -13 1316 1 0 0.6315
-46.6159 17.9298 27500 9.76774 3.27088 220.326 103.638 -13 1321 1 0 0.6315
-31.7556 5.41046 27500 -30.2177 -7.7581 219.115 103.395 -13 1322 1 0 0.6315
54.101 31.599 27500 14.4878 51.2217 203.219 103.451 -13 1343 1 0 0.6315
-6.26214 0.611346 27500 -22.0768 -15.3146 192.247 103.361 -13 1355 1 0 0.6315
-42.1682 -13.4038 27500 -20.6026 -21.4716 203.656 103.673 -13 1357 1 0 0.6315
27.1475 40.0768 27500 -2.5167 54.0504 229.368 103.709 -13 1376 1 0 0.6315
68.0256 26.4354 27500 29.0757 27.1273 208.921 103.125 -13 1378 1 0 0.6315
-0.612394 -4.15418 27500 -29.4328 28.3138 235.127 103.475 -13 1409 1 0 0.6315
-42.0169 0.497333 27500 -35.4848 4.03219 224.804 103.518 -13 1426 1 0 0.6315
-23.8466 19.3712 27500 -14.1531 50.0536 238.301 103.703 -13 1430 1 0 0.6315
-29.4343 37.0222 27500 -38.7968 28.6343 199.405 103.514 -13 1431 1 0 0.6315
21.206 -75.3329 27500 8.05363 -21.0815 210.96 103.086 -13 1433 1 0 0.6315
-10.8719 0.997448 27500 18.9381 5.28056 203.924 103.434 -13 1450 1 0 0.6315
-12.4327 12.7669 27500 -3.90419 -7.92438 212.623 103.619 -13 1452 1 0 0.6315
-59.6264 -49.4046 27500 21.824 -1.43641 233.659 103.217 -13 1460 1 0 0.6315
-29.6574 10.7632 27500 -31.9584 9.20254 215.494 103.196 -13 1474 1 0 0.6315
-28.2817 -16.7987 27500 -13.6786 -26.3456 210.32 103.69 -13 1484 1 0 0.6315
-31.2772 23.4117 27500 -40.1836 -5.19655 184.408 103.508 -13 1500 1 0 0.6315
25.9388 -18.5794 27500 29.1935 21.9225 214.684 104.017 -13 1503 1 0 0.6315
-1.5958 13.0527 27500 8.01689 -1.43633 231.097 103.718 -13 1504 1 0 0.6315
-33.535 -17.9643 27500 -17.5494 -5.47827 234.346 103.688 -13 1510 1 0 0.6315
6.78353 -5.33769 27500 3.72703 27.7379 221.328 103.461 -13 1512 1 0 0.6315
-20.575 32.9084 27500 -42.3586 14.2327 206.504 103.697 -13 1525 1 0 0.6315
5.27643 38.8312 27500 -8.02098 50.7345 221.749 103.576 -13 1531 1 0 0.6315
20.796 -16.7957 27500 5.39466 27.6084 221.267 103.461 -13 1532 1 0 0.6315
14.3465 32.4015 27500 -36.3046 10.3135 220.467 104.115 -13 1536 1 0 0.6315
15.9631 -13.0554 27500 6.10759 47.5306 231.512 103.557 -13 1538 1 0 0.6315
-46.0155 -7.92331 27500 0.602679 -14.1322 225.612 103.605 -13 1543 1 0 0.6315
24.8784 26.3924 27500 -34.8672 15.4443 180.638 103.325 -13 1548 1 0 0.6315
-1.75527 27.2701 27500 -39.4882 28.5513 210.674 104.042 -13 1550 1 0 0.6315
65.7904 58.3234 27500 28.5699 44.4444 203.349 104.201 -13 1580 1 0 0.6315
1.51575 -7.40062 27500 1.78281 -18.9043 190.401 103.56 -13 1582 1 0 0.6315
24.7229 -7.18234 27500 20.366 24.1446 229.785 104.027 -13 1620 1 0 0.6315
33.4759 30.7886 27500 13.3432 89.9324 233.553 103.365 -13 1622 1 0 0.6315
-8.61208 35.7 27500 -29.246 21.6841 212.12 103.617 -13 1632 1 0 0.6315
-23.5586 -28.9113 27500 -11.4763 13.5892 239.227 103.386 -13 1671 1 0 0.6315
-19.7791 12.3896 27500 -41.4474 16.0768 226.309 103.385 -13 1677 1 0 0.6315
-14.653 -34.1015 27500 -2.66174 22.7071 207.625 103.153 -13 1682 1 0 0.6315
-3.29951 -32.6368 27500 2.23857 -0.212061 208.399 103.304 -13 1686 1 0 0.6315
-11.0451 18.817 27500 -3.89591 -1.29659 233.066 103.506 -13 1704 1 0 0.6315
6.95737 -22.9045 27500 -10.6989 -24.8604 232.201 103.572 -13 1719 1 0 0.6315
1.42811 3.81368 27500 7.27611 -0.923606 176.993 103.608 -13 1736 1 0 0.6315
8.86968 7.641 27500 -22.539 7.03628 195.692 103.73 -13 1750 1 0 0.6315
-15.7598 2.15121 27500 16.9841 -2.88507 222.316 103.275 -13 1752 1 0 0.6315
-8.93479 -24.111 27500 10.1458 -19.1375 226.766 103.992 -13 1760 1 0 0.6315
35.2569 23.9774 27500 -27.7297 38.7603 203.359 103.449 -13 1779 1 0 0.6315
64.2342 9.08998 27500 37.9162 73.7155 223.521 103.841 -13 1795 1 0 0.6315
6.58263 6.14963 27500 30.4928 19.5383 215.428 103.581 -13 1805 1 0 0.6315
-16.3403 -55.4787 27500 16.0745 8.60522 232.756 103.294 -13 1812 1 0 0.6315
-12.3987 -3.60715 27500 -44.023 43.3929 230.267 103.863 -13 1817 1 0 0.6315
-12.5022 10.7931 27500 -17.3293 14.959 215.668 103.488 -13 1819 1 0 0.6315
-59.7027 -48.2644 27500 -30.3369 -24.9412 233.776 103.422 -13 1829 1 0 0.6315
-13.0067 -41.3827 27500 -16.0336 -1.72876 228.062 103.551 -13 1837 1 0 0.6315
-33.3111 14.2633 27500 -17.8231 23.2621 214.7 103.782 -13 1849 1 0 0.6315
-28.0847 1.01013 27500 -45.6092 10.5106 228.794 103.654 -13 1882 1 0 0.6315
-36.001 27.6853 27500 -18.0945 20.6659 211.38 103.426 -13 1889 1 0 0.6315
-51.1469 -16.6039 27500 -37.5267 22.0613 225.746 103.66 -13 1899 1 0 0.6315
14.0246 25.5401 27500 24.6828 20.1157 201.34 103.63 -13 1904 1 0 0.6315
-15.1122 -6.83091 27500 -34.4164 4.03061 207.093 104.435 -13 1912 1 0 0.6315
-42.9966 15.5931 27500 -38.1241 -3.55747 223.292 103.534 -13 1914 1 0 0.6315
43.8999 20.2386 27500 -10.201 55.8686 198.458 103.393 -13 1915 1 0 0.6315
-50.5321 -21.5417 27500 -23.4761 -10.8667 208.179 103.301 -13 1917 1 0 0.6315
-18.4425 29.589 27500 -34.0485 37.3095 205.533 103.86 -13 1944 1 0 0.6315
1.82901 1.96233 27500 -29.0906 11.4113 224.612 103.609 -13 1961 1 0 0.6315
-22.7761 14.4437 27500 -38.6744 22.0219 217.025 103.546 -13 1962 1 0 0.6315
25.4452 -8.5111 27500 2.2126 18.2186 223.45 104.171 -13 1971 1 0 0.6315
2.13394 8.20373 27500 -24.0513 24.9197 224.39 103.651 -13 1972 1 0 0.6315
-14.7919 7.83726 27500 -28.213 -8.31948 188.644 103.562 -13 1975 1 0 0.6315
-18.6461 52.5556 27500 -24.2502 18.5645 198.069 103.391 -13 1976 1 0 0.6315
20.8252 -25.1592 27500 30.1167 -0.337071 217.837 103.538 -13 1992 1 0 0.6315
-6.25759 29.4383 27500 -29.5218 21.3721 219.114 103.675 -13 1995 1 0 0.6315
-51.465 39.537 27500 -49.0267 20.3856 219.21 103.942 -13 2013 1 0 0.6315
25.2788 28.6065 27500 28.3712 28.5492 221.139 103.758 -13 2024 1 0 0.6315
13.0788 3.14905 27500 -5.57174 17.9679 236.022 103.636 -13 2048 1 0 0.6315
3.70267 12.4717 27500 13.3246 46.7881 205.088 103.666 -13 2058 1 0 0.6315
30.7999 5.60702 27500 18.4249 27.5389 215.663 103.722 -13 2072 1 0 0.6315
23.9616 -11.8074 27500 45.9256 30.6775 237.336 103.171 -13 2083 1 0 0.6315
-13.302 -9.12527 27500 -19.5314 14.8136 184.917 103.506 -13 2085 1 0 0.6315
-0.413834 47.4697 27500 -46.407 19.8001 195.94 103.378 -13 2098 1 0 0.6315
-12.9421 -21.6474 27500 -0.709525 -16.5309 227.495 103.642 -13 2099 1 0 0.6315
-38.3693 21.9355 27500 -36.6368 18.5412 212.387 103.649 -13 2103 1 0 0.6315
-8.304 5.66563 27500 -10.1843 1.40187 203.782 103.286 -13 2110 1 0 0.6315
-24.0546 24.2761 27500 -13.3527 -16.1185 219.158 103.597 -13 2112 1 0 0.6315
37.6208 -6.01713 27500 8.80188 12.3012 226.076 103.519 -13 2119 1 0 0.6315
26.9056 1.04975 27500 -8.28094 10.2079 205.658 103.162 -13 2120 1 0 0.6315
5.72714 -27.3031 27500 20.0054 17.3045 214.018 103.677 -13 2143 1 0 0.6315
-8.63944 8.74252 27500 -7.79272 5.33739 196.233 103.515 -13 2162 1 0 0.6315
1.45553 -3.85801 27500 13.7464 5.64268 212.613 103.559 -13 2170 1 0 0.6315
-14.8281 -5.27071 27500 -14.9052 9.20979 214.059 103.675 -13 2171 1 0 0.6315
-18.1561 -32.4661 27500 -5.08983 -8.29742 223.106 103.441 -13 2172 1 0 0.6315
24.2054 22.6749 27500 10.1798 13.2358 197.92 103.634 -13 2179 1 0 0.6315
22.79 7.09215 27500 -6.20793 13.7385 212.159 103.605 -13 2197 1 0 0.6315
-45.1874 24.7664 27500 -30.6946 9.04043 213.67 103.293 -13 2198 1 0 0.6315
36.3958 -20.6066 27500 21.8119 8.99181 222.309 103.733 -13 2225 1 0 0.6315
40.5144 27.6157 27500 -7.73854 37.3576 205.667 103.33 -13 2230 1 0 0.6315
-53.0735 23.2784 27500 -39.493 -12.3479 199.132 103.367 -13 2232 1 0 0.6315
4.48992 27.5675 27500 -36.5987 39.2837 207.756 103.501 -13 2233 1 0 0.6315
-4.22517 -31.8109 27500 -0.0648465 -13.991 189.724 103.207 -13 2252 1 0 0.6315
7.94212 -9.0261 27500 13.8905 -8.03281 229.749 103.681 -13 2253 1 0 0.6315
16.0418 -27.5103 27500 6.21025 17.9537 191.496 103.973 -13 2269 1 0 0.6315
18.9353 -49.7968 27500 43.772 23.7687 206.241 103.758 -13 2271 1 0 0.6315
10.9731 39.2341 27500 -10.8284 40.3248 211.587 103.526 -13 2281 1 0 0.6315
17.9194 34.8302 27500 4.8042 26.8014 201.67 103.961 -13 2284 1 0 0.6315
-13.5347 -23.4744 27500 -17.3769 20.8033 211.737 103.738 -13 2304 1 0 0.6315
1.24584 18.6275 27500 -0.192894 43.6312 223.81 103.597 -13 2307 1 0 0.6315
-15.8162 -6.37657 27500 -6.57588 27.8327 217.746 103.648 -13 2322 1 0 0.6315
4.819 9.82837 27500 -21.7566 13.8176 217.053 103.428 -13 2327 1 0 0.6315
24.6316 16.7274 27500 22.5041 25.7467 203.003 103.431 -13 2333 1 0 0.6315
-2.87456 -28.4192 27500 17.0517 32.0999 229.527 103.541 -13 2337 1 0 0.6315
-23.813 2.93242 27500 -42.3481 -2.20232 205.11 103.709 -13 2346 1 0 0.6315
-13.3998 -20.2919 27500 27.3967 -13.4569 218.128 103.567 -13 2348 1 0 0.6315
-10.384 7.43232 27500 -5.74167 40.7445 218.372 103.696 -13 2354 1 0 0.6315
-53.4804 22.9506 27500 -36.4627 6.09129 205.474 103.682 -13 2357 1 0 0.6315
-0.259034 -32.9861 27500 8.98477 -7.48289 222.702 103.716 -13 2370 1 0 0.6315
-13.9492 35.3451 27500 4.92339 22.3312 213.362 103.569 -13 2383 1 0 0.6315
9.76068 0.937068 27500 22.09 11.0766 203.253 103.859 -13 2394 1 0 0.6315
-35.5051 -18.2199 27500 7.61585 23.1026 247.982 103.657 -13 2395 1 0 0.6315
-16.3053 -28.1939 27500 -22.2029 -16.9559 224.894 104.132 -13 2396 1 0 0.6315
26.3645 46.4644 27500 6.82192 25.8479 227.58 103.279 -13 2412 1 0 0.6315
12.9053 19.3672 27500 -3.16816 50.2495 224.359 104.008 -13 2415 1 0 0.6315
4.664 13.5965 27500 -10.7424 0.567675 193.349 103.23 -13 2418 1 0 0.6315
36.1424 -14.6528 27500 -3.71274 21.7428 214.505 103.644 -13 2445 1 0 0.6315
-3.37514 28.7013 27500 -9.74727 39.3173 216.834 103.765 -13 2447 1 0 0.6315
-22.5853 -22.675 27500 -28.5816 -6.75051 214.641 103.442 -13 2452 1 0 0.6315
-32.6893 2.51022 27500 -44.1325 10.7258 232.886 103.466 -13 2462 1 0 0.6315
30.6388 -50.666 27500 23.1227 5.98722 226.918 104.074 -13 2467 1 0 0.6315
-33.0684 11.2345 27500 -27.0011 -3.68056 204.495 103.826 -13 2482 1 0 0.6315
32.6668 -46.1497 27500 3.93096 -21.9369 191.964 103.513 -13 2497 1 0 0.6315
25.9779 -11.3275 27500 17.7899 29.0238 204.141 103.7 -13 2501 1 0 0.6315
-16.7786 5.97744 27500 -22.9519 39.519 231.321 103.689 -13 2502 1 0 0.6315
-41.5937 -3.1377 27500 -36.9449 -23.4215 205.775 103.711 -13 2557 1 0 0.6315
-9.79005 41.6961 27500 -18.7141 58.077 211.683 103.81 -13 2559 1 0 0.6315
86.4261 21.0937 22000 -3.61523 1.89854 211.903 82.8171 -13 2560 1 0 0.6315
-21.2913 -58.1709 27500 -4.08833 -53.947 211.656 103.643 -13 2560 1 0 0.6315
-7.77409 38.3261 27500 -1.72297 17.5578 200.125 103.372 -13 2571 1 0 0.6315
-5.28259 15.9109 27500 -0.353279 13.5198 201.487 103.488 -13 2584 1 0 0.6315
2.9659 66.5182 27500 -36.889 40.5811 183.173 103.663 -13 2587 1 0 0.6315
-24.4022 27.0716 27500 -37.2284 20.9778 211.007 103.221 -13 2601 1 0 0.6315
-18.0612 16.2639 27500 -34.0678 31.382 214.41 103.507 -13 2602 1 0 0.6315
70.2276 23.1359 27500 17.9425 21.7558 202.672 103.415 -13 2603 1 0 0.6315
3.85022 6.2805 27500 13.7395 30.4328 219.759 103.44 -13 2616 1 0 0.6315
18.1813 19.6633 27500 -12.3365 39.8211 210.413 103.317 -13 2617 1 0 0.6315
-29.1289 -1.8301 27500 10.7397 -0.0315669 205.885 103.65 -13 2619 1 0 0.6315
22.0634 26.9308 27500 3.98299 50.3729 225.442 103.639 -13 2650 1 0 0.6315
-31.8173 34.5265 27500 -37.562 20.4258 211.138 103.692 -13 2655 1 0 0.6315
-52.3465 0.366425 27500 -48.9721 4.951 194.32 103.678 -13 2664 1 0 0.6315
-6.61174 20.7651 27500 -6.47599 39.7703 196.706 103.4 -13 2665 1 0 0.6315
54.451 -2.8069 27500 27.115 -1.78114 202.52 103.356 -13 2669 1 0 0.6315
-16.0351 30.8664 27500 -20.068 49.925 216.214 103.793 -13 2670 1 0 0.6315
21.2188 -7.81003 27500 7.9174 10.9344 213.45 103.252 -13 2687 1 0 0.6315
-25.1006 -21.2767 27500 -42.2394 -16.4098 226.751 103.953 -13 2692 1 0 0.6315
-28.6968 73.2082 27500 -42.8317 33.3624 194.204 103.914 -13 2693 1 0 0.6315
8.79213 -9.61364 27500 8.63877 46.2683 235.021 103.554 -13 2694 1 0 0.6315
-13.5929 28.4502 27500 21.8415 6.32644 218.836 103.839 -13 2711 1 0 0.6315
13.137 40.6581 27500 -4.22266 39.9506 195.357 103.814 -13 2713 1 0 0.6315
-12.1199 -6.35169 27500 -28.968 11.4825 196.538 103.213 -13 2730 1 0 0.6315
-49.0061 5.87116 27500 25.0796 16.8246 210.021 103.487 -13 2731 1 0 0.6315
45.5115 -5.77343 27500 22.6002 25.7019 201.177 103.632 -13 2734 1 0 0.6315
31.3783 37.087 27500 3.53507 36.2128 204.386 103.358 -13 2735 1 0 0.6315
19.8808 -63.7108 27500 4.83738 -17.3517 232.794 103.829 -13 2745 1 0 0.6315
9.17881 -10.6822 27500 26.9847 12.9038 201.228 103.593 -13 2749 1 0 0.6315
-48.7603 6.00687 27500 -51.1929 42.7822 234.324 103.449 -13 2752 1 0 0.6315
-28.3536 -4.09225 27500 4.71768 -4.33317 216.995 103.78 -13 2763 1 0 0.6315
-47.2543 -27.0385 27500 -32.56 -10.6625 216.762 103.578 -13 2767 1 0 0.6315
3.02026 36.9098 27500 -18.2024 29.166 210.481 103.774 -13 2790 1 0 0.6315
-33.9376 -14.1341 27500 -23.146 19.3769 216.042 103.552 -13 2801 1 0 0.6315
-38.9948 7.00447 27500 -17.9271 5.81226 218.538 103.48 -13 2804 1 0 0.6315
8.65901 -4.06686 27500 16.2528 24.2256 221.744 103.4 -13 2810 1 0 0.6315
16.3941 -22.8063 27500 4.74539 16.0434 219.169 103.26 -13 2812 1 0 0.6315
-28.9589 -60.9715 27500 16.0408 -37.0832 207.227 103.023 -13 2813 1 0 0.6315
17.6687 19.6492 27500 25.4423 54.9008 223.191 103.943 -13 2818 1 0 0.6315
10.068 1.14158 27500 15.2324 40.3534 237.925 103.779 -13 2823 1 0 0.6315
-14.4483 -4.00643 27500 -6.80855 6.25729 190.419 103.425 -13 2841 1 0 0.6315
-22.7021 21.9279 27500 -22.448 20.2422 202.379 103.376 -13 2846 1 0 0.6315
-4.75573 5.39592 27500 -23.9335 1.16035 222.338 103.439 -13 2873 1 0 0.6315
33.4743 14.7845 27500 -24.0402 33.0285 198.361 103.264 -13 2875 1 0 0.6315
-7.52791 -37.1506 27500 -6.7659 -10.4778 213.218 103.66 -13 2890 1 0 0.6315
49.0386 44.3873 27500 -18.7208 49.4691 204.942 103.535 -13 2897 1 0 0.6315
-12.6055 -6.85305 27500 -8.6985 -13.1628 201.395 103.635 -13 2898 1 0 0.6315
12.0565 0.0907977 27500 -16.8379 31.2985 199.425 103.714 -13 2900 1 0 0.6315
-3.99464 2.31462 27500 1.96212 0.413372 198.887 103.482 -13 2913 1 0 0.6315
97.5544 -6.54211 27500 55.8443 60.6718 208.576 104.295 -13 2914 1 0 0.6315
5.94959 23.1533 27500 -4.02242 66.0065 223.644 103.8 -13 2923 1 0 0.6315
-28.3626 12.575 27500 -43.7243 -15.5825 183.261 103.884 -13 2931 1 0 0.6315
19.6493 38.046 27500 -16.4736 31.8267 197.314 103.423 -13 2934 1 0 0.6315
-14.1692 43.1444 27500 -20.8111 67.422 216.2 104.177 -13 2935 1 0 0.6315
-4.33237 0.458142 27500 41.5351 1.83887 238.273 103.04 -13 2963 1 0 0.6315
90.7359 6.88969 5499.95 -46.9539 20.0085 204.027 21.144 -13 2969 1 0 0.6315
-0.75129 -18.3967 27500 8.18399 30.2433 226.187 103.701 -13 2971 1 0 0.6315
18.4123 -16.7995 27500 -21.0403 4.90694 184.575 100.169 -13 2976 1 0 0.6315
14.2493 56.5856 27500 -37.8889 25.3577 188.71 103.406 -13 2995 1 0 0.6315
-9.66025 -3.6456 27500 -7.30831 -6.43196 235.751 103.753 -13 2997 1 0 0.6315
33.6695 -38.5181 27500 20.7142 34.7289 212.433 103.734 -13 2998 1 0 0.6315
-28.9649 8.93019 27500 -44.6066 28.9582 228.999 103.523 -13 3005 1 0 0.6315
-7.80588 -16.622 27500 -22.8905 -4.9075 186.192 103.472 -13 3006 1 0 0.6315
-9.75111 11.2723 27500 24.6697 22.6996 232.626 103.706 -13 3035 1 0 0.6315
10.2572 2.94207 27500 2.06643 46.0288 219.026 103.46 -13 3040 1 0 0.6315
7.32162 37.3519 27500 21.9094 28.2002 212.222 104.014 -13 3041 1 0 0.6315
16.1624 -11.3711 27500 11.6675 -14.6569 226.922 103.648 -13 3055 1 0 0.6315
-19.2553 -29.6951 27500 0.631731 -13.8446 208.985 103.638 -13 3064 1 0 0.6315
-19.7606 26.4435 27500 -45.1552 10.7284 223.152 103.438 -13 3066 1 0 0.6315
-9.04175 -18.1508 27500 5.11966 27.2022 234.318 103.66 -13 3079 1 0 0.6315
-35.0413 13.5364 27500 -38.6616 1.22306 190.367 103.538 -13 3113 1 0 0.6315
62.3171 33.0265 27500 35.6891 60.2886 194.516 103.247 -13 3116 1 0 0.6315
9.93161 15.7055 27500 -1.45846 41.9333 218.626 103.506 -13 3120 1 0 0.6315
24.2521 24.5129 27500 -1.5483 27.062 217.675 103.556 -13 3132 1 0 0.6315
36.4384 -2.63588 27500 15.2167 18.8025 197.998 103.483 -13 3133 1 0 0.6315
12.0386 -1.76275 27500 -17.2959 -10.7426 222.112 103.607 -13 3134 1 0 0.6315
4.73115 1.07651 27500 -32.8462 -2.14317 208.016 103.047 -13 3150 1 0 0.6315
12.64 6.69779 27500 0.0439409 16.8807 196.337 103.595 -13 3155 1 0 0.6315
39.3535 -28.9867 27500 46.5928 -4.98756 231.425 103.686 -13 3159 1 0 0.6315
12.9548 36.2079 27500 -9.49026 40.4458 216.065 103.573 -13 3163 1 0 0.6315
-25.2204 54.8634 27500 -42.0806 31.8861 212.501 103.592 -13 3164 1 0 0.6315
20.865 10.6081 27500 5.28023 17.0178 241.611 103.454 -13 3169 1 0 0.6315
8.12469 -0.191246 27500 27.3679 14.3156 244.342 103.296 -13 3183 1 0 0.6315
15.1879 35.1042 27500 -21.932 32.5483 184.961 103.525 -13 3188 1 0 0.6315
-0.225369 37.1308 27500 -1.69287 36.7918 211.219 103.848 -13 3189 1 0 0.6315
2.18586 14.7529 27500 -3.80916 -6.03953 193.48 103.427 -13 3226 1 0 0.6315
1.94469 25.4732 27500 -0.211986 52.0694 206.209 103.326 -13 3252 1 0 0.6315
-25.9613 -16.6928 27500 -6.30558 -4.42113 200.038 103.302 -13 3288 1 0 0.6315
6.24332 -2.17185 27500 -11.4518 -12.6291 207.825 103.3 -13 3297 1 0 0.6315
26.5515 -4.16668 27500 15.6991 18.4802 198.571 103.389 -13 3298 1 0 0.6315
-8.92003 27.3891 27500 -18.3944 31.5971 215.105 103.683 -13 3308 1 0 0.6315
-6.71132 -43.8993 27500 9.53467 -2.18095 229.943 103.478 -13 3326 1 0 0.6315
3.42683 -23.2718 27500 -20.2385 -3.64704 195.139 103.705 -13 3328 1 0 0.6315
20.4996 20.1869 27500 -18.8586 41.0474 216.187 103.765 -13 3333 1 0 0.6315
57.8806 0.257409 27500 42.4444 18.7456 194.092 103.817 -13 3335 1 0 0.6315
9.18892 30.2655 27500 -1.90301 42.7704 216.72 103.461 -13 3338 1 0 0.6315
-25.4098 -54.4185 27500 22.4444 -15.6354 222.788 103.299 -13 3340 1 0 0.6315
10.951 -77.9688 27500 50.9164 -11.8434 215.576 103.722 -13 3341 1 0 0.6315
-15.9253 41.3839 27500 -37.5974 5.3762 174.603 103.638 -13 3360 1 0 0.6315
6.17992 15.0326 27500 -0.424104 19.8617 202.326 103.451 -13 3362 1 0 0.6315
-20.8568 3.79275 27500 -5.85984 1.57442 231.154 103.797 -13 3375 1 0 0.6315
-34.4717 -9.0951 27500 -0.812128 2.93397 231.992 103.214 -13 3379 1 0 0.6315
26.1427 8.68701 27500 25.6878 29.7917 215.539 103.734 -13 3381 1 0 0.6315
-32.3208 -0.0164015 27500 7.72866 -4.08772 234.012 102.913 -13 3416 1 0 0.6315
-43.1132 -58.7898 27500 -35.0931 -31.8131 226.37 103.55 -13 3426 1 0 0.6315
42.168 58.8817 27500 -33.5073 49.4338 201.39 103.761 -13 3443 1 0 0.6315
22.806 -19.7517 27500 8.55142 15.0561 221.182 103.603 -13 3476 1 0 0.6315
-20.3476 -29.9418 27500 -13.8727 -3.65926 215.717 103.785 -13 3492 1 0 0.6315
30.7955 28.2174 27500 -19.2784 14.1427 226.433 104.104 -13 3494 1 0 0.6315
12.0825 -19.3468 27500 40.935 19.3936 215.444 103.231 -13 3497 1 0 0.6315
-11.2443 -4.94753 27500 -21.6587 21.8546 221.019 103.225 -13 3498 1 0 0.6315
0.763533 68.9427 27500 -32.6468 24.3474 199.461 103.152 -13 3508 1 0 0.6315
35.9814 4.60763 27500 -10.92 17.0979 239.129 103.523 -13 3510 1 0 0.6315
18.484 28.0418 27500 -61.8715 20.4873 199.695 103.678 -13 3517 1 0 0.6315
26.7941 -14.1065 27500 8.12247 28.2579 247.805 103.667 -13 3518 1 0 0.6315
-34.3433 24.2037 27500 -22.3387 2.93242 176.217 103.336 -13 3547 1 0 0.6315
10.4874 -26.4265 27500 -33.2167 -9.6801 223.04 104.132 -13 3551 1 0 0.6315
-12.9866 -55.6125 27500 22.4814 -38.3264 229.496 103.892 -13 3559 1 0 0.6315
-36.381 9.67553 27500 -23.0364 -3.34029 192.141 103.309 -13 3564 1 0 0.6315
3.97521 3.23264 27500 4.82184 17.7397 212.931 103.563 -13 3565 1 0 0.6315
-20.3667 -39.8137 27500 -22.3839 -7.72005 192.714 103.642 -13 3575 1 0 0.6315
10.2665 34.5342 27500 -13.0888 45.3959 211.724 103.236 -13 3577 1 0 0.6315
4.00969 -25.672 27500 -12.6825 40.7828 236.89 103.714 -13 3588 1 0 0.6315
10.3503 23.0438 27500 -11.8625 20.7977 195.121 103.604 -13 3589 1 0 0.6315
9.53527 3.66797 27500 30.2952 23.6056 234.477 103.666 -13 3590 1 0 0.6315
-24.5213 5.78926 27500 -4.8994 12.6286 223.305 103.249 -13 3596 1 0 0.6315
-57.6278 -6.32649 27500 -20.3131 -15.1025 200.37 103.32 -13 3598 1 0 0.6315
53.6577 21.4058 27500 7.06066 41.3883 221.225 103.463 -13 3607 1 0 0.6315
12.833 -1.68937 27500 27.9911 77.5835 234.843 103.913 -13 3614 1 0 0.6315
-42.6421 19.7069 27500 -37.5291 28.2299 243.297 103.758 -13 3628 1 0 0.6315
-12.7626 15.0799 27500 -19.013 12.8488 198.078 103.484 -13 3631 1 0 0.6315
-10.042 3.88563 27500 -23.9987 14.3867 197.913 103.436 -13 3636 1 0 0.6315
-10.9953 22.9122 27500 -20.6196 28.467 219.24 103.641 -13 3638 1 0 0.6315
-4.09092 26.6169 27500 -19.18 42.0079 200.21 103.576 -13 3641 1 0 0.6315
3.98391 54.5557 27500 -7.94072 35.4724 206.399 103.519 -13 3644 1 0 0.6315
-45.0213 21.5537 27500 -56.0086 34.8648 222.614 103.729 -13 3645 1 0 0.6315
2.19116 -67.4095 27500 -5.18983 -35.2354 210.728 103.318 -13 3670 1 0 0.6315
3.5328 -1.95361 27500 6.20365 36.9329 227.619 103.47 -13 3677 1 0 0.6315
70.1938 11.244 27500 -1.27106 20.3024 201.103 103.25 -13 3680 1 0 0.6315
-17.6711 41.7426 27500 -39.3548 30.6828 220.852 103.575 -13 3688 1 0 0.6315
30.7109 21.3532 27500 28.7681 31.3405 228.722 104.126 -13 3700 1 0 0.6315
-28.1383 30.4058 27500 -39.6392 11.9692 176.654 103.261 -13 3706 1 0 0.6315
-17.719 -0.868047 27500 -1.88981 0.0714953 244.068 103.89 -13 3709 1 0 0.6315
9.8135 -24.801 27500 -2.71394 7.66918 215.51 103.739 -13 3711 1 0 0.6315
17.4261 45.8393 27500 -45.9497 17.7306 204.95 103.427 -13 3713 1 0 0.6315
63.3556 -25.7542 27500 32.7393 5.05804 210.075 103.412 -13 3737 1 0 0.6315
4.18935 6.90303 27500 11.9229 54.3651 226.618 103.757 -13 3741 1 0 0.6315
-6.5911 10.9113 27500 19.9072 31.7262 214.698 103.748 -13 3746 1 0 0.6315
-31.5611 19.7602 27500 -12.1603 -24.3874 204.062 103.482 -13 3752 1 0 0.6315
13.0473 10.4054 27500 10.3932 65.6979 228.501 103.803 -13 3756 1 0 0.6315
-19.6988 9.0438 27500 -13.3828 47.4404 225.487 103.897 -13 3757 1 0 0.6315
15.0121 -15.8819 27500 5.01875 -1.06976 195.03 103.595 -13 3783 1 0 0.6315
22.6986 -11.0348 27500 0.414885 15.9457 228.126 103.654 -13 3812 1 0 0.6315
-7.93467 10.0227 27500 -19.791 30.7941 215.98 103.764 -13 3814 1 0 0.6315
1.32576 1.2738 27500 -8.37054 2.97726 226.014 103.472 -13 3838 1 0 0.6315
0.790719 -10.5535 27500 18.9714 9.73169 240.841 103.532 -13 3850 1 0 0.6315
-34.5323 15.6117 27500 -29.0798 -7.02113 201.646 103.24 -13 3852 1 0 0.6315
86.6987 -30.0225 2749.95 7.3736 -8.2418 231.346 10.4962 -13 3864 1 0 0.6315
86.7018 -30.0261 2750.05 7.36943 -8.25057 231.346 10.4966 -13 3864 1 0 0.6315
-78.6876 -13.4601 27500 -42.6016 -16.8428 224.575 103.642 -13 3864 1 0 0.6315
-3.71742 10.7645 27500 -9.837 9.51499 221.758 103.572 -13 3880 1 0 0.6315
16.5215 33.4466 27500 -25.3273 30.4113 201.17 103.948 -13 3882 1 0 0.6315
20.7476 4.48637 27500 8.72429 38.7938 222.434 103.993 -13 3887 1 0 0.6315
40.1568 46.0905 27500 -18.7216 57.728 206.336 103.45 -13 3899 1 0 0.6315
16.9466 11.8157 27500 32.1302 28.3234 234.281 103.773 -13 3911 1 0 0.6315
-25.3111 -64.1255 27500 5.73484 -13.2218 195.838 103.051 -13 3914 1 0 0.6315
-40.7053 19.4733 27500 -11.9926 2.99777 202.168 103.256 -13 3920 1 0 0.6315
-11.6067 -27.7106 27500 -22.5476 -6.06382 218.743 103.218 -13 3935 1 0 0.6315
-29.2367 7.76698 27500 -14.8306 6.51368 210.457 103.423 -13 3941 1 0 0.6315
-45.5691 -42.048 27500 -31.8985 -9.9361 233.5 103.49 -13 3947 1 0 0.6315
-32.8285 -17.066 27500 -16.2619 -8.37861 234.842 103.545 -13 3954 1 0 0.6315
49.1648 19.7242 27500 20.4421 40.2286 238.74 103.309 -13 3957 1 0 0.6315
29.939 4.83476 27500 29.4001 25.3398 217.156 103.603 -13 3964 1 0 0.6315
14.7422 -13.1858 27500 36.2513 45.2584 217.267 103.487 -13 3968 1 0 0.6315
-19.4385 30.8465 27500 -14.4825 15.4073 211.545 103.391 -13 3978 1 0 0.6315
-36.6822 -24.1262 27500 -17.8911 -21.0868 230.19 103.586 -13 3982 1 0 0.6315
