#BLTrackFile VirtualDetector/beamout
#x y z Px Py Pz t PDGid EventID TrackID ParentID Weight
#mm mm mm MeV/c MeV/c MeV/c ns - - - - -
24.4817 -4.10192 27500 -8.13147 48.1657 234.483 103.714 -13 2 1 0 0.6315
-61.789 -15.4707 27500 -26.4963 -34.3763 221.35 103.73 -13 23 1 0 0.6315
-7.17243 3.66843 27500 0.775292 42.0627 236.911 103.461 -13 33 1 0 0.6315
1.44411 4.50357 27500 -12.4928 26.8434 195.446 103.883 -13 36 1 0 0.6315
48.6667 20.8118 27500 17.986 31.9583 188.416 103.662 -13 40 1 0 0.6315
3.28404 -1.50721 27500 9.6609 46.0814 203.809 103.59 -13 48 1 0 0.6315
43.1019 -19.7237 27500 13.2568 -0.673038 186.076 103.411 -13 53 1 0 0.6315
30.6791 -12.4314 27500 21.5186 3.58222 191.065 103.548 -13 55 1 0 0.6315
9.19393 17.5269 27500 -11.1333 28.91 231.813 103.511 -13 63 1 0 0.6315
-28.0944 -30.3989 27500 -11.7483 4.53049 211.697 103.273 -13 82 1 0 0.6315
-2.00799 -7.52826 27500 2.55052 22.0093 228.357 103.648 -13 86 1 0 0.6315
20.4954 6.78479 27500 -0.147756 27.5324 231.894 103.482 -13 122 1 0 0.6315
-30.1976 -2.78688 27500 -24.0704 28.1827 228.562 103.634 -13 123 1 0 0.6315
-16.5459 30.1017 27500 -38.2235 16.1022 177.089 103.711 -13 125 1 0 0.6315
-19.3197 -20.5495 27500 -16.603 -5.84326 219.448 103.267 -13 127 1 0 0.6315
-44.8899 28.6359 27500 -49.0133 7.50577 189.179 103.569 -13 134 1 0 0.6315
33.0607 1.042 27500 24.6976 40.3519 213.308 103.708 -13 149 1 0 0.6315
-11.8118 9.67134 27500 -19.4252 25.6373 225.936 103.709 -13 154 1 0 0.6315
-33.0811 -10.5086 27500 -18.0461 -8.32295 206.114 103.262 -13 156 1 0 0.6315
-18.2642 -19.1053 27500 12.6727 -11.3031 215.559 103.77 -13 160 1 0 0.6315
21.8321 0.222991 27500 15.1518 38.2986 204.207 103.44 -13 169 1 0 0.6315
4.44761 16.1598 27500 -21.9999 6.62092 201.311 103.911 -13 172 1 0 0.6315
-16.8231 8.1872 27500 -6.85608 11.6614 210.416 103.659 -13 195 1 0 0.6315
31.5173 -0.393259 27500 19.8477 8.15134 207.962 103.728 -13 198 1 0 0.6315
50.0014 -51.122 27500 10.0514 -6.59962 205.009 103.359 -13 211 1 0 0.6315
-19.4596 1.18371 27500 -29.3189 -4.44437 203.97 103.3 -13 216 1 0 0.6315
-5.9957 2.73435 27500 30.2957 46.647 224.615 103.862 -13 218 1 0 0.6315
26.9589 -27.5055 27500 6.6977 13.5943 192.749 103.4 -13 221 1 0 0.6315
-4.17499 8.58891 27500 -67.0456 -1.00163 235.345 103.648 -13 223 1 0 0.6315
-31.0487 -38.9364 27500 -17.7638 -33.7072 220.208 103.47 -13 230 1 0 0.6315
-13.2794 48.3575 27500 -24.4669 17.4841 204.019 103.753 -13 236 1 0 0.6315
12.8205 -39.6152 27500 32.3368 6.06778 211.831 103.43 -13 243 1 0 0.6315
-3.69629 -16.898 27500 10.6754 -6.14857 227.368 103.609 -13 261 1 0 0.6315
38.8947 -6.48397 27500 -1.64142 4.3328 193.225 103.141 -13 274 1 0 0.6315
31.0984 -18.4978 27500 18.4799 5.79037 247.124 103.121 -13 282 1 0 0.6315
12.0533 -33.3966 27500 -14.7431 -9.8874 199.367 103.266 -13 286 1 0 0.6315
4.67507 31.3947 27500 10.4102 64.8 222.795 103.789 -13 307 1 0 0.6315
-17.3874 -32.9546 27500 23.7213 -14.6153 230.341 103.443 -13 312 1 0 0.6315
-23.5805 5.71348 27500 -44.3275 17.8492 240.023 103.831 -13 313 1 0 0.6315
20.6407 13.0442 27500 27.0589 55.2689 226.859 103.761 -13 323 1 0 0.6315
-0.57679 62.7964 27500 -10.5368 49.1949 192.195 103.595 -13 328 1 0 0.6315
6.10145 0.823829 27500 2.26423 3.03588 194.824 103.437 -13 334 1 0 0.6315
73.6791 11.7261 27500 18.9601 27.6903 197.615 103.266 -13 340 1 0 0.6315
40.3815 24.0328 27500 -26.9668 16.9641 206.845 103.434 -13 353 1 0 0.6315
-17.8423 -7.62611 27500 -21.2035 -2.31017 173.73 103.575 -13 366 1 0 0.6315
7.10256 7.23609 27500 -0.84498 11.9391 191.015 103.6 -13 375 1 0 0.6315
-28.4092 -35.5538 27500 21.1448 -17.1599 223.783 103.427 -13 382 1 0 0.6315
-16.0731 12.0399 27500 14.87 4.87642 214.237 103.794 -13 389 1 0 0.6315
57.9406 -41.0202 27500 46.0608 29.1061 229.483 103.512 -13 400 1 0 0.6315
22.732 -30.9805 27500 20.4874 -1.99612 215.872 103.664 -13 410 1 0 0.6315
-23.194 24.1541 27500 3.70213 11.3582 214.055 103.419 -13 415 1 0 0.6315
2.01348 33.6038 27500 17.0462 19.0131 198.976 103.534 -13 444 1 0 0.6315
12.8357 47.0212 27500 -3.11864 57.4104 218.466 103.363 -13 450 1 0 0.6315
-21.4622 12.6382 27500 -5.18758 61.1282 238.623 103.797 -13 462 1 0 0.6315
-0.704203 -21.4559 27500 4.35039 22.7424 218.114 103.871 -13 471 1 0 0.6315
1.63569 -43.8146 27500 0.407354 -10.9603 228.699 103.502 -13 479 1 0 0.6315
-2.35908 24.6776 27500 14.0202 44.72 220.864 103.29 -13 480 1 0 0.6315
-33.3872 -20.1003 27500 -30.3133 8.758 208.489 103.69 -13 482 1 0 0.6315
14.0688 46.7598 27500 -23.785 31.7223 200.552 103.398 -13 486 1 0 0.6315
-19.2836 0.88137 27500 -21.8534 -4.08642 208.027 103.68 -13 499 1 0 0.6315
17.2332 3.2486 27500 3.04239 6.99856 226.625 103.456 -13 507 1 0 0.6315
-40.7892 -10.3125 27500 -17.8455 -13.8206 196.765 103.644 -13 516 1 0 0.6315
52.5377 -17.1202 27500 13.4305 17.4618 199.643 103.863 -13 523 1 0 0.6315
34.7086 -1.62126 27500 -15.8726 18.2776 213.481 103.323 -13 524 1 0 0.6315
-21.8458 16.2223 27500 -26.5587 23.1914 192.643 103.736 -13 538 1 0 0.6315
38.5634 -24.5933 27500 14.3746 26.028 225.632 103.759 -13 542 1 0 0.6315
43.4445 27.803 27500 20.1634 32.5754 203.686 103.485 -13 547 1 0 0.6315
-14.8448 -11.2237 27500 -4.04747 -26.1944 218.808 103.481 -13 553 1 0 0.6315
-37.9304 -5.94744 27500 -16.1811 -10.4364 202.871 103.672 -13 573 1 0 0.6315
24.1379 12.458 27500 -34.3123 52.3603 220.38 103.75 -13 577 1 0 0.6315
-66.0566 44.9216 27500 -43.23 20.117 196.783 103.341 -13 582 1 0 0.6315
69.2601 -32.5882 27500 32.7344 26.4427 200.261 103.784 -13 583 1 0 0.6315
28.4717 -39.3114 27500 25.4185 5.17364 221.14 103.452 -13 599 1 0 0.6315
35.7931 12.2668 27500 -0.194048 23.9577 178.672 103.464 -13 617 1 0 0.6315
-2.27769 36.0456 27500 -29.7105 31.1259 216.765 103.578 -13 632 1 0 0.6315
11.7665 18.8491 27500 0.382625 13.8098 214.076 103.756 -13 633 1 0 0.6315
6.23087 -54.3844 27500 17.3548 3.07763 216.874 103.344 -13 649 1 0 0.6315
-9.11242 -2.62575 27500 -30.0575 12.0217 197.793 103.453 -13 653 1 0 0.6315
-18.6625 -20.5552 27500 -19.9356 -21.1959 195.625 103.388 -13 655 1 0 0.6315
33.4548 -14.9361 27500 -0.4199 18.0354 208.769 103.459 -13 657 1 0 0.6315
-19.9621 30.1618 27500 -12.1156 19.5139 228.969 103.552 -13 678 1 0 0.6315
38.5642 7.40032 27500 8.56909 25.7439 234.2 103.827 -13 693 1 0 0.6315
69.6737 -27.6489 27500 73.121 40.1387 225.193 103.533 -13 703 1 0 0.6315
12.2884 9.5916 27500 -15.7395 5.79273 211.032 103.623 -13 723 1 0 0.6315
31.7148 -1.9605 27500 -10.7228 51.1811 225.286 104.063 -13 738 1 0 0.6315
-57.0389 24.7423 27500 -47.6652 -1.71383 203.674 103.299 -13 746 1 0 0.6315
23.8791 -22.796 27500 12.514 7.15808 209.036 103.579 -13 753 1 0 0.6315
-22.5556 2.48353 27500 -35.9551 -9.23523 210.366 103.452 -13 761 1 0 0.6315
-23.162 2.71979 27500 -4.62178 -5.94868 197.394 103.142 -13 777 1 0 0.6315
3.13133 51.7997 27500 -22.7978 34.2768 199.534 103.953 -13 779 1 0 0.6315
-21.6861 22.6526 27500 -29.3539 2.68474 213.74 103.639 -13 840 1 0 0.6315
5.7387 32.1145 27500 -18.4191 19.3831 206.566 103.665 -13 844 1 0 0.6315
21.5814 17.1407 27500 -3.87733 31.1859 214.38 103.533 -13 860 1 0 0.6315
-44.0619 21.0247 27500 -26.6207 10.5293 195.145 103.685 -13 866 1 0 0.6315
7.99536 4.83858 27500 25.9747 6.50575 220.265 103.737 -13 871 1 0 0.6315
-36.1154 26.5719 27500 -27.7269 35.7519 221.008 103.619 -13 876 1 0 0.6315
-39.7985 -3.6939 27500 -24.4335 -8.24728 200.925 103.426 -13 877 1 0 0.6315
24.4172 67.7779 27500 -28.1014 49.9883 189.48 103.748 -13 878 1 0 0.6315
-32.5298 -5.02704 27500 -23.0399 -15.0597 225.695 103.657 -13 887 1 0 0.6315
7.71675 -30.0016 27500 6.02075 10.071 230.731 103.993 -13 891 1 0 0.6315
4.18881 -12.0867 27500 20.1588 3.52524 214.136 103.715 -13 897 1 0 0.6315
-52.1365 -4.90218 27500 -18.9986 -18.8844 232.827 103.7 -13 904 1 0 0.6315
7.36975 -41.1323 27500 -6.49701 -21.0375 199.949 103.655 -13 906 1 0 0.6315
-16.3032 22.0264 27500 -1.59533 27.8491 221.325 103.276 -13 917 1 0 0.6315
-11.1326 29.0473 27500 -12.5949 38.9906 204.349 103.573 -13 921 1 0 0.6315
12.6229 -11.4289 27500 -4.05036 18.1261 230.285 103.533 -13 922 1 0 0.6315
-1.61496 -41.2794 27500 13.5196 -7.62161 215.43 103.626 -13 926 1 0 0.6315
43.0414 59.9389 27500 -21.2854 52.8766 189.169 103.48 -13 941 1 0 0.6315
35.0873 1.25011 27500 18.5865 15.6332 197.529 103.639 -13 951 1 0 0.6315
16.2613 -55.9268 27500 14.6568 -15.558 235.796 103.654 -13 955 1 0 0.6315
89.9561 30.3952 27500 46.0103 75.421 230.192 103.687 -13 958 1 0 0.6315
-21.8598 -21.6657 27500 -14.5028 -15.5886 187.112 103.334 -13 982 1 0 0.6315
-25.1916 -27.5378 27500 6.13562 -22.955 235.543 103.79 -13 993 1 0 0.6315
49.625 -25.6194 27500 38.9854 15.839 187.205 103.472 -13 996 1 0 0.6315
-10.9648 -45.167 27500 4.38433 -23.7865 196.722 103.25 -13 998 1 0 0.6315
-9.96236 8.44905 27500 -33.1887 10.1607 198.769 103.295 -13 1012 1 0 0.6315
-25.0048 -29.1531 27500 -16.025 -3.33547 208.381 103.728 -13 1023 1 0 0.6315
30.6471 42.0722 27500 16.0994 28.4986 213.625 103.395 -13 1043 1 0 0.6315
-58.4969 23.7556 27500 -13.7012 12.227 217.58 103.558 -13 1044 1 0 0.6315
-0.959467 -10.3381 27500 15.3481 5.22672 217.066 103.786 -13 1049 1 0 0.6315
32.2212 -13.4896 27500 -30.2196 15.6573 232.27 104.007 -13 1089 1 0 0.6315
6.41428 43.2846 27500 4.71921 52.61 206.047 103.855 -13 1107 1 0 0.6315
2.13251 -51.593 27500 15.3732 -9.11566 210.381 103.659 -13 1114 1 0 0.6315
-10.7395 13.4688 27500 -13.8395 6.4879 202.278 103.501 -13 1116 1 0 0.6315
32.4582 -53.6297 27500 29.6471 20.2275 212.738 103.433 -13 1127 1 0 0.6315
-85.9982 -9.65354 27500 -3.46052 -28.5122 219.828 103.237 -13 1140 1 0 0.6315
-40.2396 -6.19875 27500 -6.99526 26.4066 227.048 103.416 -13 1151 1 0 0.6315
54.5696 27.6938 27500 25.9633 72.6537 230.661 104.144 -13 1163 1 0 0.6315
10.9702 1.61521 27500 5.92828 29.9373 241.02 103.621 -13 1170 1 0 0.6315
-16.733 41.5378 27500 -61.3014 12.6853 214.561 103.773 -13 1194 1 0 0.6315
-35.548 12.7056 27500 -48.5424 -0.82265 187.174 103.198 -13 1198 1 0 0.6315
10.265 -4.97901 27500 5.55862 14.8749 225.85 103.607 -13 1199 1 0 0.6315
11.8058 25.2266 27500 0.231817 39.2697 201.504 103.621 -13 1215 1 0 0.6315
33.7945 0.287039 27500 -19.0825 20.3403 205.646 103.956 -13 1238 1 0 0.6315
-5.85566 -0.0760144 27500 9.12079 24.197 202.071 103.28 -13 1240 1 0 0.6315
29.9169 -9.08062 27500 12.6476 51.1158 205.954 103.329 -13 1241 1 0 0.6315
4.42888 -8.74752 27500 22.1895 38.1835 203.3 103.402 -13 1246 1 0 0.6315
-32.0902 5.3166 27500 6.68016 -3.96947 225.487 103.573 -13 1250 1 0 0.6315
31.1089 -4.30428 27500 14.6729 50.1788 230.228 103.725 -13 1252 1 0 0.6315
-1.965 -9.25722 27500 -11.4003 -9.53831 209.53 103.636 -13 1253 1 0 0.6315
29.9971 36.9721 27500 4.6631 25.6175 214.933 103.606 -13 1256 1 0 0.6315
0.6233 6.12083 27500 -18.2631 28.9375 222.248 103.35 -13 1279 1 0 0.6315
6.66929 -13.6811 27500 -8.7522 -6.18142 221.51 103.537 -13 1284 1 0 0.6315
-43.5691 -18.4507 27500 -27.7638 -27.7765 216.061 103.472 -13 1292 1 0 0.6315
-62.8697 36.139 27500 -50.5024 15.3651 190.918 103.497 -13 1301 1 0 0.6315
-47.4111 -10.3751 27500 -24.2776 -26.9436 223.838 103.694 -13 1313 1 0 0.6315
21.19 12.5913 27500 -35.9321 30.0368 229.098 103.842 -13 1314 1 0 0.6315
16.4606 -17.0617 27500 26.2624 2.08597 205.019 103.222 -13 1316 1 0 0.6315
-39.3562 19.7752 27500 1.48938 14.8719 221.389 103.596 -13 1321 1 0 0.6315
-32.0071 -5.61026 27500 -30.0268 -14.725 217.727 103.428 -13 1322 1 0 0.6315
52.32 15.758 27500 27.461 49.5577 202.211 103.441 -13 1343 1 0 0.6315
-36.9483 -15.1126 27500 -32.1248 -30.1731 198.003 103.473 -13 1355 1 0 0.6315
-54.3712 -2.69237 27500 -18.7467 -16.2018 219.68 103.69 -13 1357 1 0 0.6315
21.7763 48.5921 27500 -11.2378 70.1844 224.324 103.699 -13 1376 1 0 0.6315
64.4675 20.5132 27500 12.843 14.5275 201.666 103.23 -13 1378 1 0 0.6315
-17.9151 -1.29025 27500 -35.9806 19.2305 233.997 103.496 -13 1409 1 0 0.6315
-19.436 -25.7926 27500 -4.15967 -2.45507 225.443 103.42 -13 1426 1 0 0.6315
-24.0578 -11.6393 27500 -19.2814 31.1155 239.63 103.465 -13 1430 1 0 0.6315
-23.5549 14.5322 27500 -32.8494 25.9468 200.994 103.432 -13 1431 1 0 0.6315
-19.1067 -80.119 27500 -7.42289 -58.4668 228.878 103.285 -13 1433 1 0 0.6315
-8.84396 -23.9176 27500 29.3871 -13.7753 207.949 103.449 -13 1450 1 0 0.6315
-6.18346 30.4804 27500 -13.2809 1.17457 217.059 103.734 -13 1452 1 0 0.6315
-28.9523 -71.565 27500 26.6743 -9.25297 208.866 103.223 -13 1460 1 0 0.6315
-19.3227 27.2118 27500 -41.1437 28.6595 212.332 103.308 -13 1474 1 0 0.6315
-25.0946 5.07847 27500 -15.9165 -6.38511 214.292 103.691 -13 1484 1 0 0.6315
-42.6597 32.9532 27500 -52.3415 -1.58461 182.38 103.473 -13 1500 1 0 0.6315
47.9505 -21.2129 27500 40.0592 40.054 210.58 104.203 -13 1503 1 0 0.6315
-1.29105 26.9617 27500 6.2336 -3.45806 237.128 103.854 -13 1504 1 0 0.6315
-14.1859 -3.8367 27500 -11.7257 9.73789 234.611 103.69 -13 1510 1 0 0.6315
-3.83763 -6.41956 27500 -16.1582 20.2098 220.764 103.441 -13 1512 1 0 0.6315
-20.0759 25.4617 27500 -33.3922 13.7759 206.31 103.622 -13 1525 1 0 0.6315
-4.73865 31.5718 27500 -16.0334 47.4856 219.187 103.503 -13 1531 1 0 0.6315
16.3984 -7.03121 27500 2.18141 39.6183 219.926 103.501 -13 1532 1 0 0.6315
28.3001 53.3054 27500 -25.7227 36.8946 223.572 103.87 -13 1536 1 0 0.6315
28.9168 -13.7938 27500 15.9619 37.4055 227.11 103.502 -13 1538 1 0 0.6315
-19.7675 -8.47184 27500 22.6709 -10.2083 220.283 103.646 -13 1543 1 0 0.6315
57.9455 8.19652 27500 -3.4137 31.9462 192.828 103.115 -13 1548 1 0 0.6315
14.0972 18.2526 27500 -30.961 43.5585 217.714 103.989 -13 1550 1 0 0.6315
67.1546 58.2532 27500 25.5631 54.3375 202.857 104.065 -13 1580 1 0 0.6315
-2.10248 -30.6335 27500 14.6109 -44.3717 188.816 103.653 -13 1582 1 0 0.6315
22.3877 -10.8737 27500 31.347 28.8634 234.613 103.715 -13 1620 1 0 0.6315
33.4758 30.7885 27500 13.3432 89.9324 233.553 103.365 -13 1622 1 0 0.6315
-27.7015 41.2651 27500 -44.7158 14.1569 205.901 103.652 -13 1632 1 0 0.6315
-13.7368 -18.6384 27500 -13.7231 17.0496 233.704 103.38 -13 1671 1 0 0.6315
-18.0018 13.7284 27500 -42.9418 21.7795 227.145 103.409 -13 1677 1 0 0.6315
6.60921 41.3272 27500 -19.6289 41.8826 189.679 103.484 -13 1682 1 0 0.6315
-2.76503 -30.0153 27500 2.71756 6.75849 210.329 103.214 -13 1686 1 0 0.6315
-20.3444 46.7063 27500 -51.3916 16.6421 197.129 103.669 -13 1688 1 0 0.6315
-22.2609 31.7668 27500 4.02064 15.3102 237.641 103.5 -13 1704 1 0 0.6315
-5.42457 2.63495 27500 -31.6788 -11.7442 231.633 103.657 -13 1719 1 0 0.6315
-59.3439 36.7545 27500 -29.3561 1.30918 182.249 103.367 -13 1736 1 0 0.6315
2.02546 18.2953 27500 -22.3148 10.6475 196.901 103.742 -13 1750 1 0 0.6315
-21.0099 -1.81917 27500 1.93995 -12.895 215.214 103.165 -13 1752 1 0 0.6315
-13.0243 -15.4567 27500 7.31558 -18.1931 228.818 103.868 -13 1760 1 0 0.6315
71.4005 4.64003 27500 11.295 44.9952 206.098 103.292 -13 1779 1 0 0.6315
60.2095 36.2442 27500 16.1093 80.5498 218.86 103.914 -13 1795 1 0 0.6315
3.27463 5.87555 27500 35.553 34.3589 221.704 103.689 -13 1805 1 0 0.6315
-12.2492 -1.70904 27500 -2.25982 43.0648 218.157 103.343 -13 1812 1 0 0.6315
-9.86782 -4.95967 27500 -33.6284 37.1591 230.05 103.805 -13 1817 1 0 0.6315
-12.7428 -3.89243 27500 -12.8159 9.63514 220.08 103.514 -13 1819 1 0 0.6315
-66.5725 -39.1603 27500 -35.3786 -31.2849 230.938 103.366 -13 1829 1 0 0.6315
-9.71677 -21.3674 27500 -7.03314 34.344 228.705 103.825 -13 1837 1 0 0.6315
-24.1725 -0.743499 27500 -29.803 22.4768 211.522 103.656 -13 1849 1 0 0.6315
-17.177 32.8307 27500 -48.9755 34.0724 227.747 103.806 -13 1882 1 0 0.6315
-33.6041 25.6279 27500 -24.2718 15.8348 204.901 103.384 -13 1889 1 0 0.6315
-56.2134 2.45141 27500 -34.9149 14.5022 224.273 103.705 -13 1899 1 0 0.6315
23.5186 11.184 27500 28.9542 15.2591 200.4 103.699 -13 1904 1 0 0.6315
-10.5469 -1.00367 27500 -28.9089 -3.05415 206.719 104.402 -13 1912 1 0 0.6315
-42.674 1.63695 27500 -43.4144 -7.25619 209.998 103.445 -13 1914 1 0 0.6315
52.3738 27.2326 27500 -10.8035 54.6304 192.578 103.421 -13 1915 1 0 0.6315
-36.6726 -2.55464 27500 -23.3029 -3.42883 204.008 103.291 -13 1917 1 0 0.6315
-21.0125 36.5166 27500 -30.219 32.5576 206.183 103.788 -13 1944 1 0 0.6315
-13.8815 -4.8571 27500 -44.9314 4.1099 222.543 104.006 -13 1961 1 0 0.6315
-15.3335 20.1032 27500 -28.2049 27.7918 216.362 103.406 -13 1962 1 0 0.6315
17.5945 -7.01746 27500 -16.3793 12.1052 225.454 104.094 -13 1971 1 0 0.6315
8.84733 -10.8101 27500 -7.77082 17.3776 229.534 103.603 -13 1972 1 0 0.6315
-12.2992 0.99459 27500 -15.4785 -6.39575 187.24 103.533 -13 1975 1 0 0.6315
0.758518 50.6032 27500 -25.7038 36.6324 198.72 103.393 -13 1976 1 0 0.6315
10.8639 -12.9615 27500 20.9052 13.6947 214.503 103.601 -13 1992 1 0 0.6315
-15.0135 8.89277 27500 -33.2047 13.475 217.228 103.699 -13 1995 1 0 0.6315
-39.4259 0.979856 27500 -13.6536 -3.35677 227.941 103.87 -13 2013 1 0 0.6315
16.5268 10.5568 27500 3.3918 5.82018 215.888 103.751 -13 2024 1 0 0.6315
15.349 -1.30561 27500 -12.5572 16.7672 236.392 103.787 -13 2048 1 0 0.6315
-1.40681 14.1981 27500 6.44376 40.0257 199.345 103.62 -13 2058 1 0 0.6315
29.0959 -28.3636 27500 0.444563 2.0984 191.447 103.061 -13 2069 1 0 0.6315
26.9858 12.6148 27500 9.50563 13.6965 215.379 103.774 -13 2072 1 0 0.6315
17.098 -8.01732 27500 24.1983 33.6587 249.314 103.794 -13 2083 1 0 0.6315
-22.5535 24.2649 27500 -33.0416 22.0821 186.162 103.649 -13 2085 1 0 0.6315
2.48458 42.6461 27500 -37.0749 15.1349 193.257 103.436 -13 2098 1 0 0.6315
-20.5313 -28.6296 27500 -19.162 -26.1039 230.206 103.818 -13 2099 1 0 0.6315
-40.2369 40.6543 27500 -55.0792 23.9425 203.934 103.607 -13 2103 1 0 0.6315
28.7578 0.496855 27500 6.04545 11.6448 206.461 103.265 -13 2110 1 0 0.6315
-28.1111 25.9185 27500 -8.93189 -5.73314 222.921 103.519 -13 2112 1 0 0.6315
21.686 -38.6847 27500 6.38267 11.5843 228.827 103.623 -13 2119 1 0 0.6315
4.95568 22.3175 27500 -27.2335 14.1476 204.984 103.209 -13 2120 1 0 0.6315
-23.1083 -23.2536 27500 4.81394 -0.257746 214.719 103.639 -13 2143 1 0 0.6315
0.399498 11.2111 27500 -10.6608 16.5494 195.242 103.593 -13 2162 1 0 0.6315
6.30423 -14.1572 27500 17.8851 0.416262 208.479 103.595 -13 2170 1 0 0.6315
-1.60011 3.71402 27500 -6.19642 24.8264 218.287 103.702 -13 2171 1 0 0.6315
-19.5538 -24.5132 27500 4.87269 2.32299 230.184 103.481 -13 2172 1 0 0.6315
41.1522 10.9224 27500 12.0966 12.5012 201.673 103.448 -13 2179 1 0 0.6315
45.548 2.53799 27500 20.6136 20.6954 213.978 103.646 -13 2197 1 0 0.6315
-48.1512 18.1638 27500 -39.1828 7.07943 219.392 103.278 -13 2198 1 0 0.6315
27.0031 -8.34258 27500 15.7252 23.7644 221.828 103.746 -13 2225 1 0 0.6315
42.8876 30.2104 27500 -2.19033 38.5483 205.675 103.312 -13 2230 1 0 0.6315
-45.2308 33.8429 27500 -35.5198 -3.29935 200.083 103.324 -13 2232 1 0 0.6315
-4.57247 31.5373 27500 -37.0248 43.5588 215.352 103.557 -13 2233 1 0 0.6315
-5.9767 -47.2542 27500 -1.88599 -33.1917 192.477 103.168 -13 2252 1 0 0.6315
20.0744 -9.14113 27500 17.121 -17.0663 231.782 103.849 -13 2253 1 0 0.6315
20.02 -1.14062 27500 9.49974 23.5673 187.532 103.83 -13 2269 1 0 0.6315
37.8173 -5.03802 27500 37.2379 65.0639 207.063 104.095 -13 2271 1 0 0.6315
9.70603 55.0448 27500 -7.50868 49.8981 211.091 103.554 -13 2281 1 0 0.6315
37.2474 33.544 27500 21.7922 34.7805 201.834 103.891 -13 2284 1 0 0.6315
-11.9909 -54.1554 27500 -11.8201 -1.38761 213.131 103.694 -13 2304 1 0 0.6315
3.75062 5.37478 27500 20.8339 51.7932 227.361 103.685 -13 2307 1 0 0.6315
-24.1922 -17.7411 27500 -6.24232 29.3161 221.454 103.645 -13 2322 1 0 0.6315
17.2445 21.5831 27500 -21.1797 36.6996 220.511 103.557 -13 2327 1 0 0.6315
37.8939 28.7691 27500 5.04653 39.9842 199.396 103.594 -13 2333 1 0 0.6315
17.0402 -7.73779 27500 27.8332 41.3024 220.394 103.657 -13 2337 1 0 0.6315
-17.4898 -16.854 27500 -37.1738 -9.47302 207.977 103.685 -13 2346 1 0 0.6315
-9.06743 -27.1112 27500 33.3535 -9.25208 227.023 103.686 -13 2348 1 0 0.6315
-17.3695 7.61552 27500 -6.08797 35.1151 221.366 103.615 -13 2354 1 0 0.6315
-35.5871 27.0139 27500 -25.0456 34.3976 213.248 103.68 -13 2357 1 0 0.6315
13.8679 -18.9054 27500 23.9818 0.53558 218.847 103.683 -13 2370 1 0 0.6315
4.61135 9.58721 27500 17.5917 11.0148 211.18 103.73 -13 2383 1 0 0.6315
-0.676449 -15.9834 27500 31.6986 -5.10538 209.355 103.959 -13 2394 1 0 0.6315
-43.9233 -31.1563 27500 -15.7988 11.2623 247.899 103.855 -13 2395 1 0 0.6315
-11.1469 -45.4953 27500 -5.12125 -8.51939 230.648 104.002 -13 2396 1 0 0.6315
11.7499 60.2336 27500 -11.0617 25.3945 230.728 103.277 -13 2412 1 0 0.6315
16.4227 1.95649 27500 9.57724 36.4635 228.561 103.88 -13 2415 1 0 0.6315
2.3326 17.9479 27500 -23.5065 10.3944 190.262 103.235 -13 2418 1 0 0.6315
44.5353 -15.0662 27500 1.17527 35.7501 221.123 103.63 -13 2445 1 0 0.6315
-15.1275 37.0525 27500 -22.1723 38.7801 213.668 103.89 -13 2447 1 0 0.6315
-42.4205 -6.54436 27500 -32.702 -6.37451 214.704 103.534 -13 2452 1 0 0.6315
-21.0931 1.57397 27500 -32.1595 8.78604 229.54 103.475 -13 2462 1 0 0.6315
24.6625 -39.0321 27500 18.5796 11.5821 230.408 103.966 -13 2467 1 0 0.6315
-0.675651 15.9578 27500 -4.31908 15.6825 205.07 103.897 -13 2482 1 0 0.6315
29.0163 -31.4914 27500 5.92767 -8.47506 194.849 103.358 -13 2497 1 0 0.6315
26.6561 -34.7904 27500 22.2712 19.2586 206.997 103.729 -13 2501 1 0 0.6315
-26.8886 10.7739 27500 -37.2897 32.5926 224.694 103.698 -13 2502 1 0 0.6315
-42.7386 12.8791 27500 -55.7094 -7.83373 211.098 103.856 -13 2557 1 0 0.6315
-18.0523 43.5519 27500 -17.9297 23.4523 210.616 103.779 -13 2559 1 0 0.6315
-23.9556 -45.2763 27500 -17.64 -42.7232 205.326 103.489 -13 2560 1 0 0.6315
-45.6288 2.24927 27500 -8.8 16.0815 213.943 103.168 -13 2571 1 0 0.6315
-15.1303 50.4878 27500 -27.2082 24.6112 200.007 103.501 -13 2584 1 0 0.6315
41.7195 20.2024 27500 -10.8639 43.8519 183.435 103.324 -13 2587 1 0 0.6315
-25.0055 22.0186 27500 -31.2181 15.6559 214.752 103.211 -13 2601 1 0 0.6315
-16.2939 12.3393 27500 -38.9889 40.3984 218.302 103.522 -13 2602 1 0 0.6315
80.741 37.6945 27500 11.5827 40.3808 201.572 103.582 -13 2603 1 0 0.6315
1.25779 -8.96923 27500 14.2514 10.6923 219.846 103.522 -13 2616 1 0 0.6315
3.5841 -0.135378 27500 -3.74713 40.7043 222.33 103.278 -13 2617 1 0 0.6315
-25.2679 18.2703 27500 1.51414 8.88406 208.431 103.748 -13 2619 1 0 0.6315
24.2713 19.2943 27500 22.5188 35.0083 232.041 103.691 -13 2650 1 0 0.6315
-21.2309 36.1584 27500 -31.0784 28.8208 213.568 103.73 -13 2655 1 0 0.6315
-50.5007 1.46092 27500 -44.0856 2.67534 193.776 103.64 -13 2664 1 0 0.6315
19.7807 41.6522 27500 -5.28212 47.099 197.002 103.615 -13 2665 1 0 0.6315
45.9021 -16.2283 27500 -1.5519 3.5274 198.736 103.347 -13 2669 1 0 0.6315
-15.1414 45.5934 27500 -26.2804 54.7134 215.197 103.87 -13 2670 1 0 0.6315
34.8223 5.67781 27500 7.45044 16.9167 212.472 103.273 -13 2687 1 0 0.6315
-34.4634 -21.2098 27500 -34.7058 -11.7158 227.144 103.836 -13 2692 1 0 0.6315
-36.4582 59.0339 27500 -49.2909 21.1433 187.287 103.784 -13 2693 1 0 0.6315
9.83966 -9.45523 27500 0.0925623 37.3376 225.199 103.427 -13 2694 1 0 0.6315
-17.4825 15.4274 27500 19.5599 3.30619 217.692 103.744 -13 2711 1 0 0.6315
43.0762 18.4878 27500 11.5831 21.1427 197.743 103.922 -13 2713 1 0 0.6315
-8.40191 10.065 27500 -26.5768 11.6175 189.381 103.273 -13 2730 1 0 0.6315
25.8265 -19.7228 27500 18.8533 8.5106 200.892 103.434 -13 2734 1 0 0.6315
23.0999 22.7748 27500 22.149 28.9469 209.819 103.29 -13 2735 1 0 0.6315
1.84341 -52.8716 27500 -6.51169 -1.80262 233.475 103.916 -13 2745 1 0 0.6315
20.1726 -19.8815 27500 37.0245 25.3775 203.898 103.719 -13 2749 1 0 0.6315
-55.9876 -5.17023 27500 -27.0796 12.5641 229.506 103.32 -13 2752 1 0 0.6315
-33.8173 1.36685 27500 -9.53652 -14.8722 213.198 103.626 -13 2763 1 0 0.6315
-29.8348 -45.8314 27500 -14.5086 -14.1848 214.566 103.465 -13 2767 1 0 0.6315
3.63004 27.1542 27500 -5.57916 24.7542 214.411 103.738 -13 2790 1 0 0.6315
-48.2239 0.669366 27500 -33.8896 21.1564 218.512 103.668 -13 2801 1 0 0.6315
-47.7027 -7.37436 27500 -24.0334 8.91303 224.328 103.434 -13 2804 1 0 0.6315
18.3568 13.6799 27500 14.666 28.1288 219.314 103.352 -13 2810 1 0 0.6315
-2.62149 -33.6327 27500 2.23054 7.51993 225.178 103.197 -13 2812 1 0 0.6315
-17.6663 -37.0207 27500 11.1385 -65.4697 247.321 103.421 -13 2813 1 0 0.6315
21.4817 15.9659 27500 15.0346 48.6186 217.802 104.152 -13 2818 1 0 0.6315
-6.39978 7.90884 27500 -4.63372 32.3988 233.76 103.707 -13 2823 1 0 0.6315
-32.2407 -15.4221 27500 -4.77973 -12.7358 184.021 103.458 -13 2841 1 0 0.6315
-25.9725 15.8535 27500 -28.4666 13.0868 204.249 103.391 -13 2846 1 0 0.6315
-8.65154 -6.44282 27500 -14.43 -6.64033 221.415 103.451 -13 2873 1 0 0.6315
60.8136 0.350267 27500 15.1933 28.2654 208.004 103.098 -13 2875 1 0 0.6315
-0.418202 -36.5069 27500 -3.51527 -8.33383 207.113 103.629 -13 2890 1 0 0.6315
40.2468 49.3446 27500 -18.18 47.9257 206.562 103.426 -13 2897 1 0 0.6315
-16.7316 -5.41943 27500 -9.41209 -20.4774 203.706 103.692 -13 2898 1 0 0.6315
-1.79473 24.3426 27500 -17.0692 36.3499 192.532 103.739 -13 2900 1 0 0.6315
-0.638555 -6.9358 27500 11.0456 4.63301 198.454 103.394 -13 2913 1 0 0.6315
90.6496 -2.06456 27500 47.9792 64.0722 208.735 104.309 -13 2914 1 0 0.6315
9.73532 -5.92113 27500 21.6152 61.1637 232.218 103.709 -13 2923 1 0 0.6315
-8.35525 -4.72031 27500 -38.5048 -0.368111 189.796 103.882 -13 2931 1 0 0.6315
-6.99504 46.4989 27500 -37.6713 22.2472 197.458 103.546 -13 2934 1 0 0.6315
-19.8131 15.1035 27500 -13.4567 40.9573 223.552 104.014 -13 2935 1 0 0.6315
23.9104 7.44495 27500 20.6167 28.4127 194.861 103.038 -13 2963 1 0 0.6315
-4.81888 -7.25226 27500 -0.467876 30.5939 223.541 103.727 -13 2971 1 0 0.6315
-30.5243 10.0807 27500 -38.9392 -1.3672 168.101 100.451 -13 2976 1 0 0.6315
39.8266 67.0815 27500 -26.1438 43.0053 194.953 103.329 -13 2995 1 0 0.6315
-32.4776 1.96658 27500 -38.4656 -1.94922 232.382 103.807 -13 2997 1 0 0.6315
29.2065 -4.31095 27500 6.1055 38.7727 208.41 103.8 -13 2998 1 0 0.6315
-34.5539 0.0415421 27500 -26.8362 16.9414 228.74 103.523 -13 3005 1 0 0.6315
2.7421 1.26352 27500 -32.6196 7.67417 191.071 103.394 -13 3006 1 0 0.6315
-0.599342 7.8729 27500 27.4213 24.8822 229.545 103.692 -13 3035 1 0 0.6315
-3.37097 -8.16325 27500 -0.21305 30.5176 215.662 103.316 -13 3040 1 0 0.6315
23.2868 28.0546 27500 10.4149 32.56 206.428 103.973 -13 3041 1 0 0.6315
29.2806 -7.30093 27500 8.5338 -11.4026 227.392 103.656 -13 3055 1 0 0.6315
-14.6565 -13.2289 27500 -11.4118 -3.97446 204.747 103.681 -13 3064 1 0 0.6315
-43.4776 25.1892 27500 -49.9392 6.73938 228.332 103.458 -13 3066 1 0 0.6315
-9.273 -6.24465 27500 10.6945 16.7704 234.017 103.735 -13 3079 1 0 0.6315
-41.7359 33.824 27500 -37.5405 -3.50618 193.718 103.514 -13 3113 1 0 0.6315
62.3626 33.0478 27500 35.6649 60.287 194.498 103.247 -13 3116 1 0 0.6315
18.6966 27.8989 27500 -2.74724 56.5152 216.174 103.573 -13 3120 1 0 0.6315
33.3932 0.0239699 27500 13.9941 11.462 221.818 103.577 -13 3132 1 0 0.6315
12.3995 -12.6395 27500 11.3191 10.8609 202.762 103.457 -13 3133 1 0 0.6315
7.45484 -12.2602 27500 -9.46583 -17.2256 224.083 103.638 -13 3134 1 0 0.6315
-43.6313 -12.8781 27500 -35.023 -10.2652 202.412 103.189 -13 3150 1 0 0.6315
16.6982 7.69654 27500 -1.14921 19.3755 197.883 103.678 -13 3155 1 0 0.6315
23.3867 -16.8052 27500 8.36781 -3.56265 229.6 103.53 -13 3159 1 0 0.6315
-8.07405 35.0818 27500 -16.285 22.5312 209.949 103.566 -13 3163 1 0 0.6315
-41.1166 23.0337 27500 -37.6022 4.20005 214.27 103.602 -13 3164 1 0 0.6315
6.41564 -6.14885 27500 8.47542 3.3391 242.496 103.519 -13 3169 1 0 0.6315
13.3452 6.97433 27500 15.7649 25.4922 243.639 103.431 -13 3183 1 0 0.6315
33.2389 9.90385 27500 2.0927 44.2284 189.954 103.415 -13 3188 1 0 0.6315
15.152 43.5847 27500 -16.76 52.4886 206.412 103.871 -13 3189 1 0 0.6315
-16.3077 9.02994 27500 -15.0271 0.840758 188.422 103.364 -13 3226 1 0 0.6315
0.175167 14.2053 27500 11.1447 37.3134 208.792 103.337 -13 3252 1 0 0.6315
-41.9939 -19.5207 27500 -25.5354 -12.8416 200.437 103.256 -13 3288 1 0 0.6315
-8.87491 -13.7882 27500 -15.5824 -28.1175 203.329 103.453 -13 3297 1 0 0.6315
26.6877 -6.64897 27500 26.0152 13.6076 201.009 103.35 -13 3298 1 0 0.6315
-19.1791 30.1363 27500 -28.8183 26.7642 217.189 103.696 -13 3308 1 0 0.6315
-13.7272 -45.2924 27500 2.51465 -12.5211 227.558 103.469 -13 3326 1 0 0.6315
8.66664 -16.0297 27500 -18.7513 -1.92079 196.758 103.649 -13 3328 1 0 0.6315
14.4708 10.3682 27500 -13.5408 41.8794 218.668 103.65 -13 3333 1 0 0.6315
44.2707 -3.68596 27500 36.5602 4.5768 189.943 103.693 -13 3335 1 0 0.6315
4.80351 26.3419 27500 -1.99457 36.6202 223.705 103.492 -13 3338 1 0 0.6315
-2.95027 -25.0339 27500 19.0848 10.3781 210.662 103.271 -13 3340 1 0 0.6315
32.492 -61.6455 27500 46.9999 4.53607 212.666 103.695 -13 3341 1 0 0.6315
8.34988 39.3835 27500 -30.5482 9.82487 180.679 103.627 -13 3360 1 0 0.6315
8.92979 20.4798 27500 2.94542 18.3843 206.728 103.456 -13 3362 1 0 0.6315
-6.55755 13.817 27500 3.84465 11.0684 232.227 103.844 -13 3375 1 0 0.6315
-21.2956 -27.188 27500 13.9444 -8.73534 234.602 103.273 -13 3379 1 0 0.6315
38.0273 -10.9033 27500 32.025 22.0647 219.662 103.798 -13 3381 1 0 0.6315
-18.5171 0.631571 27500 12.3923 -5.36825 217.713 102.855 -13 3416 1 0 0.6315
-47.1308 -40.3635 27500 -16.1925 -11.6923 230.111 103.49 -13 3426 1 0 0.6315
5.56881 58.9331 27500 -44.8693 36.5341 199.658 103.756 -13 3443 1 0 0.6315
20.4813 -0.077547 27500 -4.81266 8.08874 217.302 103.583 -13 3476 1 0 0.6315
-25.8364 -30.6766 27500 -35.275 -6.48684 209.685 103.781 -13 3492 1 0 0.6315
41.8442 17.3257 27500 5.1797 24.7366 230.941 103.659 -13 3494 1 0 0.6315
18.0454 -6.59029 27500 29.012 37.5305 208.38 103.317 -13 3497 1 0 0.6315
11.1496 -13.3346 27500 -2.84529 23.8236 220.595 103.278 -13 3498 1 0 0.6315
19.5122 50.093 27500 -11.6464 49.6875 215.869 103.042 -13 3508 1 0 0.6315
25.0181 -19.2146 27500 -21.5805 -3.83653 231.344 103.342 -13 3510 1 0 0.6315
-10.3047 29.9576 27500 -64.6179 5.64457 188.729 103.642 -13 3517 1 0 0.6315
-76.0446 -19.4058 27500 -41.3052 -37.5322 174.62 105.113 -13 3518 1 0 0.6315
-23.6761 33.1736 27500 -23.1495 16.7664 177.863 103.34 -13 3547 1 0 0.6315
1.19809 -13.7614 27500 -32.6724 -1.64588 221.377 104.134 -13 3551 1 0 0.6315
-13.9112 -57.8867 27500 30.2893 -44.8205 228.164 103.924 -13 3559 1 0 0.6315
-46.4735 -7.55799 27500 -30.1409 -7.39228 194.814 103.296 -13 3564 1 0 0.6315
17.871 8.13644 27500 11.1027 37.8771 212.947 103.708 -13 3565 1 0 0.6315
-13.2248 -55.893 27500 -25.1325 -26.743 197.922 103.601 -13 3575 1 0 0.6315
10.4536 34.1405 27500 -4.00402 58.9845 222.144 103.322 -13 3577 1 0 0.6315
-3.85411 -16.0071 27500 -3.60601 34.6922 238.114 103.728 -13 3588 1 0 0.6315
12.7032 46.2819 27500 -10.2903 33.3426 196.999 103.607 -13 3589 1 0 0.6315
25.1895 -7.3742 27500 31.8593 2.88234 233.083 103.654 -13 3590 1 0 0.6315
-14.7951 8.70339 27500 -5.84566 10.6431 230.566 103.288 -13 3596 1 0 0.6315
-29.097 -23.058 27500 5.41941 -11.7775 200.698 103.305 -13 3598 1 0 0.6315
59.9583 13.6538 27500 13.4297 36.3254 220.498 103.497 -13 3607 1 0 0.6315
1.83039 22.4442 27500 -0.560929 49.043 228.185 103.651 -13 3614 1 0 0.6315
-22.1258 21.2307 27500 -9.95246 28.5797 239.365 103.992 -13 3628 1 0 0.6315
-24.2995 3.25212 27500 -11.3018 4.62544 204.83 103.346 -13 3631 1 0 0.6315
-2.87931 17.7739 27500 -27.5015 13.1147 196.97 103.511 -13 3636 1 0 0.6315
-16.1742 8.67485 27500 -26.6422 12.7859 222.582 103.692 -13 3638 1 0 0.6315
-0.246205 16.8845 27500 -18.0817 36.6422 199.932 103.594 -13 3641 1 0 0.6315
20.1822 33.4978 27500 10.893 32.9731 209.467 103.477 -13 3644 1 0 0.6315
-41.9035 6.98959 27500 -58.3061 17.4354 221.76 103.71 -13 3645 1 0 0.6315
-2.18351 -30.4826 27500 -14.0619 -4.23285 197.668 103.331 -13 3670 1 0 0.6315
30.3088 0.014235 27500 24.9653 57.0567 228.115 103.693 -13 3677 1 0 0.6315
-33.2324 -17.1509 27500 -33.2244 -16.3769 179.587 103.663 -13 3680 1 0 0.6315
-26.1859 42.3222 27500 -39.3773 26.8868 218.824 103.45 -13 3688 1 0 0.6315
25.0271 -17.1648 27500 55.3518 6.78199 234.002 103.978 -13 3700 1 0 0.6315
-46.556 22.0595 27500 -41.0375 -4.56268 170.39 103.491 -13 3706 1 0 0.6315
-17.4734 4.86258 27500 -2.02255 22.5254 247.068 103.718 -13 3709 1 0 0.6315
6.11216 -23.5159 27500 -9.74429 1.608 221.057 103.703 -13 3711 1 0 0.6315
-24.7518 11.8462 27500 -47.6552 -10.6249 195.2 103.498 -13 3713 1 0 0.6315
38.3029 -8.49629 27500 2.86403 -0.399268 194.93 103.396 -13 3737 1 0 0.6315
-16.6026 4.19957 27500 -0.117723 36.0157 229.618 103.87 -13 3741 1 0 0.6315
-9.95624 -10.1566 27500 28.8397 15.5203 215.224 103.701 -13 3746 1 0 0.6315
-31.5611 19.7602 27500 -12.1603 -24.3874 204.062 103.482 -13 3752 1 0 0.6315
12.8562 6.14981 27500 -5.02249 39.3791 228.769 103.647 -13 3756 1 0 0.6315
-6.19494 13.3053 27500 11.0211 34.038 222.606 103.984 -13 3757 1 0 0.6315
35.143 -0.944103 27500 17.4045 11.7291 189.471 103.54 -13 3783 1 0 0.6315
31.0335 -7.99159 27500 17.8128 30.2099 224.925 103.644 -13 3812 1 0 0.6315
-1.61047 5.26001 27500 -5.84036 29.5513 218.287 103.848 -13 3814 1 0 0.6315
14.1637 25.2518 27500 -6.85487 18.0943 224.954 103.521 -13 3838 1 0 0.6315
-7.86763 -5.38057 27500 0.263728 15.6801 245.26 103.621 -13 3850 1 0 0.6315
-52.7815 3.40362 27500 -41.6023 -20.4624 201.915 103.225 -13 3852 1 0 0.6315
-74.7076 -28.7079 27500 -52.9464 -31.2873 225.549 103.686 -13 3864 1 0 0.6315
-18.611 -15.9729 27500 -8.41682 0.384728 228.293 103.774 -13 3880 1 0 0.6315
8.13615 44.0912 27500 -31.8159 35.167 198.649 104.135 -13 3882 1 0 0.6315
47.5485 33.2332 27500 17.939 72.748 214.587 104.157 -13 3887 1 0 0.6315
43.9802 9.63795 27500 17.2632 58.2377 224.251 103.341 -13 3899 1 0 0.6315
10.7648 6.52507 27500 22.5371 13.8763 231.494 103.682 -13 3911 1 0 0.6315
-34.2224 -44.5597 27500 -11.6675 -24.077 197.488 102.991 -13 3914 1 0 0.6315
-56.6251 12.4485 27500 -29.8266 -3.75414 200.436 103.174 -13 3920 1 0 0.6315
-30.7628 -5.61427 27500 -26.8644 6.10804 211.269 103.264 -13 3935 1 0 0.6315
-28.6294 32.0607 27500 -28.8407 30.9514 208.355 103.397 -13 3941 1 0 0.6315
-44.762 -22.7181 27500 -27.3559 -14.9479 227.459 103.497 -13 3947 1 0 0.6315
-0.477409 -11.2818 27500 22.9808 14.8328 237.484 103.745 -13 3954 1 0 0.6315
49.1648 19.7242 27500 20.4421 40.2286 238.74 103.309 -13 3957 1 0 0.6315
36.2085 9.77439 27500 23.5691 28.4489 218.356 103.602 -13 3964 1 0 0.6315
-10.0264 21.9337 27500 10.5489 41.5995 214.307 103.386 -13 3968 1 0 0.6315
-35.3731 27.2667 27500 -13.5603 20.5441 220.597 103.439 -13 3978 1 0 0.6315
-30.1321 -29.7215 27500 3.9107 -11.4433 230.772 103.67 -13 3982 1 0 0.6315
