# NTuple/Z-27500                                                                 
# output from Ecalc9f version   2.09
#  settings: 
#    particle type:  2
#    pzmin/pzmax:   0.1/  0.35
#    transverse cuts:   0.00975  0.015
#    longitudinal cut:   0.035
#    RF frequency (MHz):   325.
#    sigma cut:   4.
#    subtract out amplitude correlation
#    wrnew9 =  F

# regn   Z           Bz          eperp       elong       e6D         Ldim        Pzavg       beta        alpha       betaL       alphaL      n0          n1          n2          Lcan(eVs)   sigmaE      sigmaT      corrE       corrT       sigmaE_c    xavg        yavg        Dx          Dy          Dr          Dr2
     1 -0.2750E+02  0.2164E+01  0.5108E-02  0.1037E-01  0.2703E-06  0.5816E+00  0.2087E+00  0.3797E+00  0.6806E-02  0.7931E+00  0.2365E+00  0.1190E+04  0.1648E+03  0.3530E+03  0.3141E-01  0.1557E-01  0.2415E-09  0.4109E-01 -0.1056E-08  0.1557E-01 -0.4714E-02 -0.3036E-01 -0.3140E-02 -0.3667E-02 -0.7598E-02  0.2148E+00
     2 -0.2475E+02  0.4635E-01  0.6439E-02  0.1096E-01  0.4670E-06  0.4293E+00  0.2113E+00  0.5591E+00  0.6270E+00  0.7284E+00 -0.1806E+00  0.1172E+04  0.1547E+03  0.3195E+03  0.1910E-01  0.1675E-01  0.2596E-09 -0.7814E-01  0.5018E-08  0.1666E-01 -0.1379E-01 -0.8158E-02  0.1052E+00  0.1051E+00  0.1047E+00  0.6585E-01
     3 -0.2200E+02  0.5249E-02  0.6885E-02  0.1175E-01  0.5608E-06  0.4210E+00  0.2137E+00  0.4136E+00  0.3082E+00  0.1323E+01 -0.5103E+00  0.1147E+04  0.1351E+03  0.2659E+03  0.2490E-01  0.1432E-01  0.3590E-09  0.7140E-01  0.7506E-08  0.1425E-01  0.6531E-02 -0.1689E-01 -0.2164E+00 -0.1253E+00  0.1435E+00  0.1112E+00
     4 -0.1925E+02  0.7623E-17  0.6866E-02  0.1221E-01  0.5882E-06  0.4247E+00  0.2151E+00  0.4361E+00  0.6002E-01  0.1609E+01 -0.3365E+00  0.1123E+04  0.1276E+03  0.2621E+03  0.2360E-01  0.1288E-01  0.4020E-09  0.1752E+00  0.8841E-08  0.1244E-01 -0.3229E-01 -0.2288E-01 -0.1183E+00  0.1651E+00  0.6990E-02  0.5524E+00
     5 -0.1650E+02  0.7369E-16  0.6690E-02  0.1084E-01  0.5081E-06  0.3998E+00  0.2152E+00  0.4692E+00  0.5428E-01  0.1312E+01  0.1928E+00  0.1079E+04  0.1339E+03  0.2595E+03  0.1735E-01  0.1371E-01  0.3331E-09  0.2957E+00  0.6414E-08  0.1253E-01  0.6410E-02 -0.1116E-01  0.1392E+00 -0.4858E-01  0.1418E+00  0.6716E-01
     6 -0.1375E+02 -0.9317E-16  0.6813E-02  0.1145E-01  0.5358E-06  0.3963E+00  0.2138E+00  0.5180E+00  0.5882E-01  0.1016E+01  0.2008E+00  0.1061E+04  0.1130E+03  0.2431E+03  0.2347E-01  0.1638E-01  0.2962E-09  0.3920E+00  0.4737E-08  0.1458E-01 -0.2225E-01 -0.2277E-01 -0.1983E+00  0.1641E-01  0.1868E+00  0.2432E+00
     7 -0.1100E+02  0.1271E-15  0.6354E-02  0.1091E-01  0.4941E-06  0.4040E+00  0.2133E+00  0.5333E+00  0.2634E+00  0.7900E+00 -0.3112E-01  0.1048E+04  0.1377E+03  0.2798E+03  0.1421E-01  0.1780E-01  0.2512E-09  0.4336E+00  0.3327E-08  0.1582E-01 -0.1085E-01 -0.1404E-01  0.3514E-01  0.5239E-01  0.1110E+00  0.7052E-01
     8 -0.8250E+01 -0.1152E-15  0.6265E-02  0.1054E-01  0.4507E-06  0.3779E+00  0.2123E+00  0.4359E+00  0.2486E+00  0.1018E+01 -0.1566E+00  0.1039E+04  0.1364E+03  0.2747E+03  0.1969E-01  0.1586E-01  0.2724E-09  0.4061E+00  0.3617E-09  0.1382E-01 -0.1433E-03 -0.2072E-01 -0.1223E+00 -0.4377E-01  0.1791E+00  0.1197E+00
     9 -0.5500E+01  0.5082E-16  0.6166E-02  0.1007E-01  0.4271E-06  0.3805E+00  0.2116E+00  0.4316E+00  0.2559E-01  0.1160E+01 -0.3852E-01  0.1031E+04  0.1339E+03  0.2835E+03  0.1768E-01  0.1448E-01  0.2848E-09  0.3959E+00  0.2055E-09  0.1247E-01 -0.2667E-01 -0.1486E-01 -0.5167E-01  0.6295E-01  0.1263E+00  0.2679E+00
    10 -0.2750E+01  0.9487E-16  0.6093E-02  0.9437E-02  0.3807E-06  0.3634E+00  0.2114E+00  0.5100E+00  0.8352E-01  0.1080E+01  0.1254E+00  0.1025E+04  0.1585E+03  0.3113E+03  0.1228E-01  0.1394E-01  0.2661E-09  0.2998E+00 -0.9701E-10  0.1260E-01  0.2567E-02 -0.1870E-01  0.2260E-02  0.4179E-02  0.8734E-01  0.1142E+00
    11  0.0000E+00 -0.8640E-16  0.6074E-02  0.9160E-02  0.3435E-06  0.3565E+00  0.2116E+00  0.5084E+00  0.2093E+00  0.9404E+00  0.1408E+00  0.1021E+04  0.1503E+03  0.3107E+03  0.2062E-01  0.1411E-01  0.2448E-09  0.2268E+00 -0.5574E-09  0.1333E-01 -0.1498E-01 -0.2060E-01 -0.1580E+00  0.3003E-01  0.1037E+00  0.1982E+00
    12  0.2750E+01 -0.1770E-15  0.5776E-02  0.9261E-02  0.3177E-06  0.3520E+00  0.2125E+00  0.4472E+00  0.2184E+00  0.8556E+00 -0.3107E-01  0.1017E+04  0.1667E+03  0.3176E+03  0.1132E-01  0.1436E-01  0.2353E-09  0.1764E+00  0.1353E-08  0.1396E-01 -0.1659E-01 -0.1136E-01  0.2455E-01  0.2811E-02  0.7025E-01  0.1209E+00
    13  0.5500E+01 -0.1338E-15  0.5698E-02  0.9106E-02  0.3016E-06  0.3488E+00  0.2135E+00  0.4440E+00  0.1071E+00  0.1027E+01 -0.1301E+00  0.1011E+04  0.1680E+03  0.3265E+03  0.1482E-01  0.1326E-01  0.2568E-09  0.1848E+00  0.2260E-08  0.1278E-01 -0.1359E-02 -0.2460E-01 -0.7670E-01 -0.3862E-01  0.6838E-01  0.2077E+00
    14  0.8250E+01 -0.1753E-15  0.5663E-02  0.8978E-02  0.2985E-06  0.3333E+00  0.2136E+00  0.4783E+00  0.4635E-01  0.1127E+01 -0.3388E-01  0.1004E+04  0.1629E+03  0.3094E+03  0.1473E-01  0.1284E-01  0.2703E-09  0.2533E+00  0.3470E-08  0.1203E-01 -0.2076E-01 -0.1276E-01 -0.1355E+00  0.1331E+00  0.9120E-01  0.2183E+00
    15  0.1100E+02  0.7539E-16  0.5539E-02  0.9112E-02  0.3052E-06  0.3332E+00  0.2126E+00  0.5018E+00  0.7898E-01  0.1030E+01  0.1058E+00  0.1002E+04  0.1692E+03  0.3227E+03  0.1030E-01  0.1379E-01  0.2645E-09  0.3030E+00  0.4064E-08  0.1269E-01 -0.5324E-02 -0.1961E-01  0.3935E-01 -0.8551E-01  0.1449E+00  0.1412E+00
    16  0.1375E+02  0.1177E-15  0.5469E-02  0.9181E-02  0.2940E-06  0.3268E+00  0.2114E+00  0.5225E+00  0.1453E+00  0.9068E+00  0.5660E-01  0.9959E+03  0.1724E+03  0.3341E+03  0.1460E-01  0.1487E-01  0.2458E-09  0.3554E+00  0.2854E-08  0.1347E-01 -0.1163E-01 -0.1935E-01 -0.1370E+00  0.6996E-01  0.1322E+00  0.1465E+00
    17  0.1650E+02  0.9571E-16  0.5265E-02  0.9049E-02  0.2773E-06  0.3399E+00  0.2098E+00  0.4757E+00  0.1643E+00  0.8913E+00 -0.3988E-01  0.9915E+03  0.1857E+03  0.3416E+03  0.1111E-01  0.1489E-01  0.2417E-09  0.3888E+00  0.2527E-08  0.1341E-01 -0.1367E-01 -0.1318E-01 -0.6838E-02 -0.1602E-01  0.1504E+00  0.1078E+00
    18  0.1925E+02  0.3134E-16  0.5204E-02  0.8802E-02  0.2629E-06  0.3332E+00  0.2095E+00  0.4757E+00  0.1186E+00  0.1004E+01 -0.7891E-01  0.9870E+03  0.2071E+03  0.3499E+03  0.1131E-01  0.1393E-01  0.2508E-09  0.3575E+00  0.1463E-08  0.1247E-01 -0.5727E-02 -0.2238E-01 -0.1067E+00  0.2361E-01  0.1306E+00  0.1695E+00
    19  0.2200E+02 -0.5250E-02  0.5059E-02  0.8675E-02  0.2425E-06  0.3261E+00  0.2096E+00  0.4937E+00  0.1196E+00  0.1057E+01  0.5219E-01  0.9814E+03  0.2021E+03  0.3644E+03  0.1298E-01  0.1335E-01  0.2543E-09  0.3475E+00  0.7020E-09  0.1205E-01 -0.1334E-01 -0.1598E-01 -0.4937E-01  0.3884E-01  0.1137E+00  0.1499E+00
    20  0.2475E+02 -0.4636E-01  0.4974E-02  0.8688E-02  0.2288E-06  0.3227E+00  0.2098E+00  0.4528E+00  0.1211E+00  0.9415E+00  0.6962E-01  0.9763E+03  0.2166E+03  0.3745E+03  0.9011E-02  0.1372E-01  0.2403E-09  0.2921E+00  0.1033E-08  0.1281E-01 -0.1101E-01 -0.1576E-01 -0.3079E-01 -0.2193E-01  0.1178E+00  0.1232E+00
    21  0.2750E+02 -0.2164E+01  0.5197E-02  0.8845E-02  0.2378E-06  0.3331E+00  0.2140E+00  0.3788E+00 -0.9072E+00  0.9404E+00 -0.2951E-01  0.9712E+03  0.2179E+03  0.3789E+03  0.1384E-01  0.1395E-01  0.2408E-09  0.2638E+00  0.1848E-08  0.1308E-01  0.4048E-02  0.1206E-02  0.2043E-01 -0.6956E-01  0.3827E-01  0.9412E-02
