# Ev2Trk1
#x y z Px Py Pz t PDGid EventID TrackID ParentID Weight Bx By Bz Ex Ey Ez
# Event 2 Track 1
14.5569 -53.5321 -3437.5 18.6238 -14.4536 227.102 0.282856 -13 2 1 0 0.6315 -0.000134605 0.000158903 0.0220734 0 0 0 
22.703 -59.8757 -3338.03 18.5738 -14.5153 227.102 0.650405 -13 2 1 0 0.6315 -0.000233166 0.000257566 0.0240073 0 0 0 
30.8256 -66.248 -3238.57 18.5165 -14.585 227.102 1.01795 -13 2 1 0 0.6315 -0.000352411 0.000376924 0.026157 0 0 0 
38.9214 -72.6528 -3139.1 18.4507 -14.6639 227.103 1.3855 -13 2 1 0 0.6315 -0.000496417 0.000521222 0.028549 0 0 0 
46.9862 -79.0945 -3039.64 18.375 -14.7534 227.103 1.75305 -13 2 1 0 0.6315 -0.000670198 0.000695619 0.0312205 0 0 0 
55.0154 -85.5779 -2940.17 18.2877 -14.8551 227.103 2.1206 -13 2 1 0 0.6315 -0.000879645 0.000906324 0.0342051 0 0 0 
63.0034 -92.1089 -2840.7 18.1868 -14.9708 227.104 2.48815 -13 2 1 0 0.6315 -0.00113223 0.00116124 0.0375546 0 0 0 
70.2072 -98.0788 -2750.49 18.0815 -15.0897 227.104 2.8215 -13 2 1 0 0.6315 -0.00140591 0.00143852 0.0409483 0 0 0 
70.5231 -98.3426 -2746.53 18.0766 -15.0953 227.104 2.83616 -13 2 1 0 0.6315 -0.00141902 0.00145184 0.0411056 0 0 0 
78.4115 -104.986 -2647.06 17.942 -15.2449 227.105 3.20371 -13 2 1 0 0.6315 -0.00178244 0.00182186 0.0453164 0 0 0 
86.2362 -111.7 -2547.59 17.7852 -15.4162 227.106 3.57126 -13 2 1 0 0.6315 -0.00222122 0.00227128 0.0500751 0 0 0 
93.9867 -118.494 -2448.12 17.6023 -15.6125 227.107 3.93881 -13 2 1 0 0.6315 -0.00275091 0.00281768 0.0554617 0 0 0 
101.65 -125.38 -2348.66 17.3879 -15.8381 227.108 4.30636 -13 2 1 0 0.6315 -0.00339176 0.00348419 0.0615838 0 0 0 
109.212 -132.372 -2249.19 17.136 -16.0978 227.109 4.6739 -13 2 1 0 0.6315 -0.0041671 0.00429849 0.0685531 0 0 0 
116.654 -139.486 -2149.72 16.8389 -16.3972 227.109 5.04145 -13 2 1 0 0.6315 -0.00510786 0.00529752 0.0765235 0 0 0 
123.954 -146.742 -2050.25 16.4871 -16.7432 227.11 5.409 -13 2 1 0 0.6315 -0.00624885 0.00652512 0.08565 0 0 0 
131.086 -154.161 -1950.78 16.0688 -17.1436 227.11 5.77655 -13 2 1 0 0.6315 -0.00763786 0.00804194 0.0961583 0 0 0 
138.018 -161.768 -1851.31 15.5691 -17.6078 227.109 6.1441 -13 2 1 0 0.6315 -0.00932675 0.00991867 0.108266 0 0 0 
144.71 -169.595 -1751.84 14.9696 -18.1465 227.107 6.51165 -13 2 1 0 0.6315 -0.0113893 0.0122566 0.122308 0 0 0 
151.113 -177.677 -1652.38 14.2466 -18.7722 227.103 6.8792 -13 2 1 0 0.6315 -0.0139022 0.0151725 0.138595 0 0 0 
157.167 -186.054 -1552.91 13.3701 -19.4992 227.095 7.24674 -13 2 1 0 0.6315 -0.0169778 0.0188379 0.157624 0 0 0 
162.796 -194.774 -1453.45 12.3018 -20.3435 227.081 7.61429 -13 2 1 0 0.6315 -0.0207271 0.0234502 0.179853 0 0 0 
167.907 -203.893 -1354 10.992 -21.3223 227.059 7.98184 -13 2 1 0 0.6315 -0.025316 0.0293049 0.206026 0 0 0 
172.38 -213.474 -1254.56 9.37697 -22.4533 227.022 8.34939 -13 2 1 0 0.6315 -0.0308942 0.0367405 0.236822 0 0 0 
176.065 -223.586 -1155.14 7.37345 -23.7525 226.964 8.71694 -13 2 1 0 0.6315 -0.0376902 0.0462732 0.273372 0 0 0 
178.767 -234.306 -1055.76 4.87356 -25.2309 226.872 9.08449 -13 2 1 0 0.6315 -0.0458704 0.0584851 0.316687 0 0 0 
180.241 -245.713 -956.422 1.73682 -26.8882 226.727 9.45204 -13 2 1 0 0.6315 -0.0556933 0.0742782 0.368512 0 0 0 
180.169 -257.882 -857.166 -2.21848 -28.7015 226.5 9.81959 -13 2 1 0 0.6315 -0.0672302 0.0946397 0.430358 0 0 0 
178.144 -270.868 -758.036 -7.22479 -30.6064 226.146 10.1871 -13 2 1 0 0.6315 -0.0805838 0.121092 0.50493 0 0 0 
173.645 -284.686 -659.101 -13.5746 -32.4669 225.594 10.5547 -13 2 1 0 0.6315 -0.0953638 0.15522 0.594577 0 0 0 
166.007 -299.264 -560.47 -21.6177 -34.0239 224.736 10.9222 -13 2 1 0 0.6315 -0.110849 0.199242 0.703275 0 0 0 
154.403 -314.38 -462.311 -31.7494 -34.8204 223.407 11.2898 -13 2 1 0 0.6315 -0.125209 0.255232 0.834931 0 0 0 
137.837 -329.544 -364.879 -44.3328 -34.0871 221.368 11.6573 -13 2 1 0 0.6315 -0.135251 0.325042 0.994877 0 0 0 
115.182 -343.84 -268.555 -59.5563 -30.6023 218.283 12.0249 -13 2 1 0 0.6315 -0.135739 0.408991 1.18936 0 0 0 
85.326 -355.688 -173.888 -77.0906 -22.5608 213.727 12.3924 -13 2 1 0 0.6315 -0.119096 0.503343 1.42414 0 0 0 
47.5157 -362.593 -81.6218 -95.5094 -7.60055 207.247 12.76 -13 2 1 0 0.6315 -0.0767814 0.597198 1.70369 0 0 0 
10.8873 -362.106 -8.73635 -108.954 11.4592 200.322 13.0599 -13 2 1 0 0.6315 -0.0193204 0.658592 1.96499 0 0 0 
6.69957 -361.622 -1.09593 -110.181 13.9089 199.494 13.092 -13 2 1 0 0.6315 -0.0119874 0.663619 1.99448 0 0 0 
4.76937 -361.368 2.38693 -110.723 15.0561 199.11 13.1067 -13 2 1 0 0.6315 -0.00856551 0.665833 2.0079 0 0 0 
-45.9634 -347.659 87.3371 -119.008 49.2392 188.53 13.4742 -13 2 1 0 0.6315 0.0878177 0.688416 2.35922 0 0 0 
-97.1798 -317.036 167.383 -111.59 91.441 176.967 13.8418 -13 2 1 0 0.6315 0.184085 0.63306 2.70954 0 0 0 
-140.418 -267.569 242.475 -81.8171 133.403 166.255 14.2093 -13 2 1 0 0.6315 0.241232 0.500457 3.0145 0 0 0 
-165.457 -202.142 313.421 -29.1507 161.942 158.291 14.5769 -13 2 1 0 0.6315 0.230961 0.330041 3.23649 0 0 0 
-165.914 -140 371.937 27.7208 165.922 154.378 14.8914 -13 2 1 0 0.6315 0.171986 0.19755 3.34924 0 0 0 
-152.703 -96.4612 413.447 70.1395 153.659 151 15.1182 -13 2 1 0 0.6315 0.114612 0.12717 3.39048 0 0 0 
-108.162 -37.3179 480.006 128.608 109.624 150.912 15.4862 -13 2 1 0 0.6315 0.0289967 0.0670144 3.40148 0 0 0 
-42.858 -2.98354 546.833 162.31 43.4163 151.994 15.8543 -13 2 1 0 0.6315 -0.00946267 0.0569764 3.36606 0 0 0 
30.3825 -0.0303327 614.206 164.144 -29.8224 153.293 16.2223 -13 2 1 0 0.6315 0.0214538 0.056868 3.30051 0 0 0 
41.3149 -2.40036 624.5 161.639 -40.5413 153.496 16.2783 -13 2 1 0 0.6315 0.0321926 0.0547917 3.28825 0 0 0 
42.3666 -2.66899 625.5 161.359 -41.5684 153.518 16.2837 -13 2 1 0 0.6315 0.0331718 0.0523657 3.28684 0 0 18.0613 
43.7892 -3.04203 626.855 160.97 -42.956 153.584 16.2911 -13 2 1 0 0.6315 0.0346772 0.0518 3.28493 0 0 17.9659 
45.2081 -3.42726 628.211 160.57 -44.3386 153.649 16.2984 -13 2 1 0 0.6315 0.0362104 0.0512114 3.28319 0 0 17.8658 
46.6233 -3.82462 629.567 160.158 -45.7161 153.715 16.3058 -13 2 1 0 0.6315 0.0377663 0.0505979 3.28148 0 0 17.761 
48.0347 -4.23407 630.924 159.735 -47.0885 153.78 16.3131 -13 2 1 0 0.6315 0.039343 0.049959 3.27977 0 0 17.6517 
49.4421 -4.65556 632.281 159.301 -48.4556 153.845 16.3205 -13 2 1 0 0.6315 0.0409405 0.0492945 3.27806 0 0 17.5378 
50.8454 -5.08903 633.639 158.855 -49.8174 153.909 16.3279 -13 2 1 0 0.6315 0.0425583 0.0486043 3.27634 0 0 17.4194 
52.2446 -5.53444 634.996 158.398 -51.1737 153.973 16.3352 -13 2 1 0 0.6315 0.0441963 0.0478883 3.27463 0 0 17.2967 
53.6396 -5.99174 636.355 157.93 -52.5245 154.038 16.3426 -13 2 1 0 0.6315 0.0458542 0.0471464 3.27291 0 0 17.1696 
55.0302 -6.46087 637.713 157.45 -53.8696 154.101 16.3499 -13 2 1 0 0.6315 0.0475317 0.0463784 3.27119 0 0 17.0381 
56.4164 -6.94179 639.072 156.96 -55.2089 154.165 16.3573 -13 2 1 0 0.6315 0.0492286 0.0455843 3.26947 0 0 16.9025 
57.7981 -7.43443 640.432 156.459 -56.5424 154.228 16.3647 -13 2 1 0 0.6315 0.0509446 0.0447639 3.26774 0 0 16.7627 
59.1752 -7.93875 641.792 155.947 -57.8699 154.291 16.372 -13 2 1 0 0.6315 0.0526781 0.0439177 3.26603 0 0 16.6187 
60.5475 -8.45469 643.152 155.424 -59.1915 154.354 16.3794 -13 2 1 0 0.6315 0.0544298 0.0430452 3.26432 0 0 16.4708 
61.915 -8.9822 644.513 154.891 -60.5068 154.416 16.3867 -13 2 1 0 0.6315 0.0561889 0.0421442 3.26237 0 0 16.3188 
63.2777 -9.52121 645.874 154.347 -61.8158 154.478 16.3941 -13 2 1 0 0.6315 0.0579593 0.0412158 3.26027 0 0 16.163 
64.6353 -10.0717 647.236 153.792 -63.1183 154.54 16.4015 -13 2 1 0 0.6315 0.0597492 0.0402603 3.25813 0 0 16.0034 
65.9879 -10.6335 648.598 153.227 -64.4143 154.601 16.4088 -13 2 1 0 0.6315 0.0615635 0.0392786 3.2561 0 0 15.84 
67.3353 -11.2067 649.96 152.652 -65.7037 154.663 16.4162 -13 2 1 0 0.6315 0.0634023 0.0382705 3.25416 0 0 15.6729 
68.6775 -11.7911 651.323 152.067 -66.9864 154.723 16.4235 -13 2 1 0 0.6315 0.0652579 0.0372356 3.25221 0 0 15.5022 
70.0143 -12.3868 652.686 151.471 -68.2623 154.784 16.4309 -13 2 1 0 0.6315 0.0671299 0.036174 3.25027 0 0 15.328 
71.3457 -12.9936 654.049 150.866 -69.5314 154.844 16.4383 -13 2 1 0 0.6315 0.0690182 0.0350856 3.24832 0 0 15.1504 
72.6716 -13.6115 655.413 150.25 -70.7936 154.904 16.4456 -13 2 1 0 0.6315 0.0709226 0.0339704 3.24636 0 0 14.9694 
73.9919 -14.2404 656.777 149.624 -72.0488 154.964 16.453 -13 2 1 0 0.6315 0.0728427 0.0328284 3.2444 0 0 14.7851 
75.3065 -14.8803 658.142 148.989 -73.2969 155.023 16.4603 -13 2 1 0 0.6315 0.0747784 0.0316595 3.24244 0 0 14.5977 
76.6154 -15.531 659.507 148.344 -74.5378 155.082 16.4677 -13 2 1 0 0.6315 0.0767294 0.0304637 3.24047 0 0 14.4071 
77.9184 -16.1926 660.873 147.689 -75.7714 155.141 16.475 -13 2 1 0 0.6315 0.0786954 0.0292411 3.2385 0 0 14.2135 
79.2155 -16.865 662.238 147.025 -76.9977 155.199 16.4824 -13 2 1 0 0.6315 0.0806752 0.027992 3.23654 0 0 14.017 
80.5065 -17.5481 663.605 146.351 -78.2166 155.257 16.4898 -13 2 1 0 0.6315 0.0826682 0.0267166 3.23458 0 0 13.8176 
81.7915 -18.2417 664.971 145.668 -79.428 155.315 16.4971 -13 2 1 0 0.6315 0.0846756 0.0254144 3.23262 0 0 13.6154 
83.0703 -18.946 666.338 144.975 -80.6318 155.372 16.5045 -13 2 1 0 0.6315 0.0866887 0.0240857 3.23054 0 0 13.4106 
84.3429 -19.6607 667.706 144.274 -81.8278 155.429 16.5118 -13 2 1 0 0.6315 0.0886953 0.0227313 3.2282 0 0 13.2031 
85.6091 -20.3859 669.073 143.563 -83.0161 155.486 16.5192 -13 2 1 0 0.6315 0.0907177 0.0213495 3.22582 0 0 12.9932 
86.869 -21.1215 670.441 142.844 -84.1964 155.542 16.5265 -13 2 1 0 0.6315 0.0927758 0.0199383 3.22362 0 0 12.7809 
88.1223 -21.8673 671.81 142.115 -85.3687 155.598 16.5339 -13 2 1 0 0.6315 0.0948478 0.0185003 3.22142 0 0 12.5662 
89.3691 -22.6233 673.179 141.378 -86.5331 155.654 16.5413 -13 2 1 0 0.6315 0.0969324 0.0170357 3.21921 0 0 12.3493 
90.6093 -23.3895 674.548 140.632 -87.6894 155.71 16.5486 -13 2 1 0 0.6315 0.0990295 0.0155446 3.217 0 0 12.1303 
91.8428 -24.1657 675.918 139.878 -88.8375 155.765 16.556 -13 2 1 0 0.6315 0.101139 0.0140269 3.21478 0 0 11.9092 
93.0695 -24.952 677.288 139.115 -89.9774 155.82 16.5633 -13 2 1 0 0.6315 0.10326 0.0124828 3.21255 0 0 11.6862 
94.2894 -25.7481 678.658 138.344 -91.109 155.875 16.5707 -13 2 1 0 0.6315 0.105393 0.0109122 3.21032 0 0 11.4614 
95.5024 -26.5542 680.029 137.564 -92.2322 155.929 16.578 -13 2 1 0 0.6315 0.107538 0.00931523 3.20809 0 0 11.2348 
96.7084 -27.37 681.4 136.776 -93.347 155.983 16.5854 -13 2 1 0 0.6315 0.109694 0.00769194 3.20585 0 0 11.0065 
97.9073 -28.1955 682.772 135.98 -94.4534 156.037 16.5927 -13 2 1 0 0.6315 0.111861 0.00604258 3.2036 0 0 10.7766 
99.0991 -29.0306 684.144 135.176 -95.5512 156.091 16.6001 -13 2 1 0 0.6315 0.114037 0.00436817 3.20137 0 0 10.5453 
100.284 -29.8753 685.516 134.364 -96.6403 156.144 16.6075 -13 2 1 0 0.6315 0.116223 0.00266761 3.19913 0 0 10.3126 
101.461 -30.7294 686.888 133.545 -97.7209 156.197 16.6148 -13 2 1 0 0.6315 0.11842 0.000940955 3.19689 0 0 10.0786 
102.631 -31.593 688.261 132.717 -98.7927 156.25 16.6222 -13 2 1 0 0.6315 0.120627 -0.000811732 3.19464 0 0 9.84339 
103.794 -32.4659 689.635 131.882 -99.8556 156.303 16.6295 -13 2 1 0 0.6315 0.122802 -0.0025821 3.19202 0 0 9.6071 
104.949 -33.348 691.009 131.04 -100.91 156.356 16.6369 -13 2 1 0 0.6315 0.124995 -0.00438015 3.18938 0 0 9.36981 
106.097 -34.2393 692.383 130.19 -101.955 156.408 16.6442 -13 2 1 0 0.6315 0.127226 -0.00621115 3.1869 0 0 9.13161 
107.237 -35.1397 693.757 129.333 -102.991 156.46 16.6516 -13 2 1 0 0.6315 0.129467 -0.0080677 3.1844 0 0 8.8926 
108.37 -36.0491 695.132 128.469 -104.018 156.512 16.6589 -13 2 1 0 0.6315 0.131716 -0.00994975 3.1819 0 0 8.65288 
109.494 -36.9675 696.507 127.598 -105.035 156.564 16.6663 -13 2 1 0 0.6315 0.133975 -0.0118572 3.17939 0 0 8.41253 
110.612 -37.8946 697.883 126.72 -106.044 156.615 16.6737 -13 2 1 0 0.6315 0.136242 -0.01379 3.17687 0 0 8.17164 
111.721 -38.8306 699.259 125.835 -107.044 156.667 16.681 -13 2 1 0 0.6315 0.138518 -0.0157481 3.17435 0 0 7.93032 
112.822 -39.7752 700.636 124.943 -108.034 156.718 16.6884 -13 2 1 0 0.6315 0.140802 -0.0177314 3.17181 0 0 7.68866 
113.916 -40.7285 702.012 124.045 -109.014 156.769 16.6957 -13 2 1 0 0.6315 0.143094 -0.0197398 3.16927 0 0 7.44675 
115.001 -41.6902 703.389 123.14 -109.986 156.82 16.7031 -13 2 1 0 0.6315 0.145394 -0.0217733 3.16672 0 0 7.20468 
116.079 -42.6605 704.767 122.229 -110.948 156.871 16.7104 -13 2 1 0 0.6315 0.147701 -0.0238307 3.16417 0 0 6.96254 
117.148 -43.639 706.145 121.311 -111.9 156.922 16.7178 -13 2 1 0 0.6315 0.150013 -0.0259121 3.16163 0 0 6.72042 
118.21 -44.6259 707.523 120.387 -112.844 156.972 16.7251 -13 2 1 0 0.6315 0.152332 -0.0280184 3.15907 0 0 6.47842 
119.263 -45.621 708.902 119.457 -113.777 157.023 16.7325 -13 2 1 0 0.6315 0.15466 -0.0301495 3.15651 0 0 6.23662 
120.308 -46.6241 710.281 118.521 -114.701 157.073 16.7398 -13 2 1 0 0.6315 0.156994 -0.0323052 3.15394 0 0 5.99512 
121.344 -47.6353 711.661 117.58 -115.615 157.124 16.7472 -13 2 1 0 0.6315 0.159293 -0.0344722 3.1511 0 0 5.754 
122.372 -48.6545 713.04 116.632 -116.52 157.174 16.7545 -13 2 1 0 0.6315 0.16159 -0.0366607 3.14812 0 0 5.51335 
123.392 -49.6815 714.421 115.679 -117.415 157.225 16.7619 -13 2 1 0 0.6315 0.163932 -0.0388871 3.14529 0 0 5.27325 
124.404 -50.7163 715.801 114.72 -118.3 157.275 16.7693 -13 2 1 0 0.6315 0.166283 -0.0411388 3.14247 0 0 5.0338 
125.407 -51.7587 717.182 113.756 -119.175 157.326 16.7766 -13 2 1 0 0.6315 0.168641 -0.0434146 3.13964 0 0 4.79507 
126.401 -52.8088 718.564 112.786 -120.04 157.376 16.784 -13 2 1 0 0.6315 0.171004 -0.0457142 3.13679 0 0 4.55716 
127.387 -53.8664 719.946 111.812 -120.895 157.427 16.7913 -13 2 1 0 0.6315 0.173373 -0.0480377 3.13394 0 0 4.32014 
128.364 -54.9315 721.328 110.832 -121.741 157.477 16.7987 -13 2 1 0 0.6315 0.175748 -0.0503849 3.13107 0 0 4.0841 
129.333 -56.0039 722.71 109.847 -122.576 157.528 16.806 -13 2 1 0 0.6315 0.178128 -0.0527558 3.12819 0 0 3.84912 
130.293 -57.0835 724.094 108.857 -123.402 157.579 16.8134 -13 2 1 0 0.6315 0.180513 -0.0551504 3.12531 0 0 3.61527 
131.244 -58.1703 725.477 107.863 -124.217 157.63 16.8207 -13 2 1 0 0.6315 0.182903 -0.0575684 3.12241 0 0 3.38265 
132.187 -59.2642 726.861 106.864 -125.023 157.681 16.8281 -13 2 1 0 0.6315 0.185295 -0.0600085 3.11951 0 0 3.15132 
133.12 -60.3652 728.245 105.86 -125.818 157.732 16.8354 -13 2 1 0 0.6315 0.187691 -0.062471 3.11662 0 0 2.92136 
134.045 -61.473 729.63 104.852 -126.603 157.783 16.8428 -13 2 1 0 0.6315 0.190091 -0.0649569 3.11371 0 0 2.69285 
134.961 -62.5877 731.015 103.839 -127.378 157.834 16.8501 -13 2 1 0 0.6315 0.192496 -0.0674661 3.11079 0 0 2.46586 
135.868 -63.7091 732.401 102.823 -128.143 157.886 16.8575 -13 2 1 0 0.6315 0.194905 -0.0699985 3.10786 0 0 2.24047 
136.766 -64.8371 733.787 101.802 -128.898 157.938 16.8649 -13 2 1 0 0.6315 0.19728 -0.0725381 3.10473 0 0 2.01675 
137.655 -65.9717 735.173 100.777 -129.643 157.99 16.8722 -13 2 1 0 0.6315 0.199632 -0.075089 3.1014 0 0 1.79477 
138.535 -67.1128 736.56 99.7483 -130.377 158.042 16.8796 -13 2 1 0 0.6315 0.201999 -0.0776678 3.0981 0 0 1.57459 
139.406 -68.2603 737.947 98.716 -131.101 158.095 16.8869 -13 2 1 0 0.6315 0.20441 -0.0802872 3.09491 0 0 1.35629 
140.268 -69.4141 739.335 97.68 -131.815 158.147 16.8943 -13 2 1 0 0.6315 0.206824 -0.0829291 3.0917 0 0 1.13993 
141.12 -70.5741 740.723 96.6404 -132.518 158.2 16.9016 -13 2 1 0 0.6315 0.20924 -0.0855933 3.08848 0 0 0.925584 
141.964 -71.7402 742.112 95.5975 -133.211 158.254 16.909 -13 2 1 0 0.6315 0.21166 -0.0882798 3.08525 0 0 0.713306 
142.799 -72.9123 743.501 94.5512 -133.894 158.308 16.9163 -13 2 1 0 0.6315 0.214082 -0.0909887 3.08201 0 0 0.503162 
143.624 -74.0904 744.891 93.5018 -134.566 158.362 16.9237 -13 2 1 0 0.6315 0.216506 -0.0937198 3.07875 0 0 0.295213 
144.44 -75.2744 746.281 92.4492 -135.228 158.416 16.931 -13 2 1 0 0.6315 0.218933 -0.0964731 3.07548 0 0 0.0895182 
145.246 -76.4641 747.672 91.3937 -135.88 158.471 16.9384 -13 2 1 0 0.6315 0.221362 -0.0992486 3.07219 0 0 -0.113864 
146.044 -77.6595 749.063 90.3353 -136.521 158.526 16.9457 -13 2 1 0 0.6315 0.223793 -0.102046 3.0689 0 0 -0.314878 
146.292 -78.0368 749.5 90.0021 -136.72 158.544 16.9481 -13 2 1 0 0.6315 0.224554 -0.102929 3.06786 0 0 -0.377543 
147.077 -79.2395 750.892 88.9401 -137.348 158.599 16.9554 -13 2 1 0 0.6315 0.226983 -0.105753 3.06457 0 0 -0.57536 
147.853 -80.4477 752.284 87.8755 -137.965 158.656 16.9628 -13 2 1 0 0.6315 0.229414 -0.108598 3.06126 0 0 -0.770684 
148.619 -81.6612 753.677 86.8083 -138.572 158.712 16.9701 -13 2 1 0 0.6315 0.231846 -0.111466 3.05794 0 0 -0.963463 
149.377 -82.8801 755.07 85.7387 -139.169 158.77 16.9775 -13 2 1 0 0.6315 0.234281 -0.114355 3.0546 0 0 -1.15365 
150.124 -84.1041 756.464 84.6668 -139.755 158.827 16.9848 -13 2 1 0 0.6315 0.236659 -0.117237 3.05099 0 0 -1.34119 
150.863 -85.3333 757.858 83.5929 -140.33 158.885 16.9922 -13 2 1 0 0.6315 0.239015 -0.120128 3.04726 0 0 -1.52604 
151.592 -86.5674 759.253 82.5169 -140.895 158.944 16.9995 -13 2 1 0 0.6315 0.241372 -0.123039 3.04352 0 0 -1.70815 
152.311 -87.8065 760.648 81.4391 -141.45 159.003 17.0069 -13 2 1 0 0.6315 0.24375 -0.125983 3.03982 0 0 -1.88749 
153.021 -89.0504 762.044 80.3595 -141.994 159.063 17.0142 -13 2 1 0 0.6315 0.24617 -0.128971 3.0362 0 0 -2.06401 
153.722 -90.2991 763.44 79.2782 -142.528 159.124 17.0216 -13 2 1 0 0.6315 0.248589 -0.131979 3.03256 0 0 -2.23766 
154.413 -91.5524 764.837 78.1954 -143.051 159.185 17.0289 -13 2 1 0 0.6315 0.251008 -0.135009 3.0289 0 0 -2.40842 
155.095 -92.8103 766.235 77.1111 -143.564 159.247 17.0363 -13 2 1 0 0.6315 0.253427 -0.13806 3.02523 0 0 -2.57624 
155.767 -94.0727 767.633 76.0254 -144.067 159.309 17.0437 -13 2 1 0 0.6315 0.255845 -0.141132 3.02155 0 0 -2.74109 
156.429 -95.3395 769.032 74.9384 -144.559 159.372 17.051 -13 2 1 0 0.6315 0.258263 -0.144225 3.01784 0 0 -2.90294 
157.082 -96.6106 770.431 73.8503 -145.04 159.436 17.0584 -13 2 1 0 0.6315 0.26068 -0.147338 3.01412 0 0 -3.06174 
157.726 -97.8858 771.831 72.7611 -145.511 159.5 17.0657 -13 2 1 0 0.6315 0.263096 -0.150473 3.01038 0 0 -3.21748 
158.36 -99.1652 773.231 71.6711 -145.972 159.565 17.0731 -13 2 1 0 0.6315 0.265509 -0.153627 3.00664 0 0 -3.37013 
158.984 -100.449 774.632 70.5801 -146.423 159.631 17.0804 -13 2 1 0 0.6315 0.267917 -0.1568 3.00289 0 0 -3.51965 
159.599 -101.736 776.034 69.4885 -146.863 159.698 17.0878 -13 2 1 0 0.6315 0.270325 -0.159994 2.99912 0 0 -3.66602 
160.204 -103.027 777.436 68.3962 -147.292 159.766 17.0951 -13 2 1 0 0.6315 0.272732 -0.16321 2.99533 0 0 -3.80922 
160.8 -104.322 778.839 67.3034 -147.712 159.834 17.1025 -13 2 1 0 0.6315 0.275077 -0.166409 2.99129 0 0 -3.94922 
161.386 -105.621 780.243 66.2104 -148.121 159.903 17.1098 -13 2 1 0 0.6315 0.277386 -0.169606 2.98713 0 0 -4.08601 
161.963 -106.923 781.647 65.1171 -148.519 159.973 17.1172 -13 2 1 0 0.6315 0.279692 -0.172823 2.98296 0 0 -4.21956 
162.529 -108.229 783.052 64.0237 -148.908 160.044 17.1245 -13 2 1 0 0.6315 0.281995 -0.176059 2.97877 0 0 -4.34987 
163.087 -109.538 784.457 62.9304 -149.286 160.116 17.1319 -13 2 1 0 0.6315 0.284296 -0.179314 2.97456 0 0 -4.4769 
163.635 -110.85 785.863 61.8371 -149.654 160.188 17.1393 -13 2 1 0 0.6315 0.286626 -0.18261 2.9704 0 0 -4.60065 
164.173 -112.166 787.27 60.744 -150.011 160.262 17.1466 -13 2 1 0 0.6315 0.28899 -0.185951 2.96628 0 0 -4.72111 
164.701 -113.485 788.678 59.6513 -150.358 160.336 17.154 -13 2 1 0 0.6315 0.291351 -0.189312 2.96214 0 0 -4.83827 
165.22 -114.807 790.086 58.5589 -150.695 160.412 17.1613 -13 2 1 0 0.6315 0.293708 -0.192693 2.95799 0 0 -4.95211 
165.73 -116.131 791.495 57.467 -151.022 160.488 17.1687 -13 2 1 0 0.6315 0.296061 -0.196094 2.95381 0 0 -5.06263 
166.23 -117.459 792.905 56.3758 -151.339 160.566 17.176 -13 2 1 0 0.6315 0.29841 -0.199515 2.94962 0 0 -5.16982 
166.72 -118.79 794.316 55.2852 -151.646 160.644 17.1834 -13 2 1 0 0.6315 0.300755 -0.202956 2.94541 0 0 -5.27367 
167.201 -120.123 795.727 54.1955 -151.942 160.723 17.1907 -13 2 1 0 0.6315 0.303095 -0.206416 2.94117 0 0 -5.3742 
167.672 -121.458 797.139 53.1066 -152.229 160.804 17.1981 -13 2 1 0 0.6315 0.305432 -0.209897 2.93692 0 0 -5.47138 
168.134 -122.797 798.551 52.0188 -152.505 160.885 17.2054 -13 2 1 0 0.6315 0.307761 -0.213396 2.93266 0 0 -5.56523 
168.586 -124.137 799.965 50.9321 -152.771 160.968 17.2128 -13 2 1 0 0.6315 0.310088 -0.216916 2.92835 0 0 -5.65574 
169.028 -125.481 801.379 49.8466 -153.028 161.052 17.2201 -13 2 1 0 0.6315 0.312332 -0.2204 2.92382 0 0 -5.74292 
169.462 -126.826 802.794 48.7626 -153.274 161.137 17.2275 -13 2 1 0 0.6315 0.314537 -0.223878 2.91919 0 0 -5.82676 
169.885 -128.173 804.21 47.68 -153.51 161.223 17.2349 -13 2 1 0 0.6315 0.316737 -0.227374 2.91454 0 0 -5.90729 
170.299 -129.523 805.627 46.5991 -153.737 161.31 17.2422 -13 2 1 0 0.6315 0.318931 -0.230888 2.90987 0 0 -5.9845 
170.704 -130.875 807.045 45.5198 -153.954 161.398 17.2496 -13 2 1 0 0.6315 0.321118 -0.234421 2.90518 0 0 -6.05841 
171.099 -132.228 808.463 44.4423 -154.161 161.487 17.2569 -13 2 1 0 0.6315 0.323299 -0.237971 2.90047 0 0 -6.12901 
171.485 -133.583 809.882 43.3668 -154.358 161.578 17.2643 -13 2 1 0 0.6315 0.325473 -0.24154 2.89574 0 0 -6.19634 
171.861 -134.941 811.302 42.2932 -154.545 161.669 17.2716 -13 2 1 0 0.6315 0.32764 -0.245126 2.891 0 0 -6.26039 
172.228 -136.299 812.723 41.2218 -154.723 161.762 17.279 -13 2 1 0 0.6315 0.329861 -0.248778 2.88631 0 0 -6.32118 
172.586 -137.66 814.145 40.1525 -154.891 161.856 17.2863 -13 2 1 0 0.6315 0.332089 -0.252461 2.88162 0 0 -6.37873 
172.934 -139.021 815.568 39.0854 -155.049 161.952 17.2937 -13 2 1 0 0.6315 0.33431 -0.256163 2.87691 0 0 -6.43305 
173.273 -140.385 816.992 38.0208 -155.198 162.048 17.3011 -13 2 1 0 0.6315 0.336523 -0.259883 2.87218 0 0 -6.48417 
173.602 -141.749 818.416 36.9585 -155.337 162.146 17.3084 -13 2 1 0 0.6315 0.338729 -0.263622 2.86743 0 0 -6.53209 
173.922 -143.115 819.842 35.8989 -155.467 162.245 17.3158 -13 2 1 0 0.6315 0.340926 -0.267381 2.86265 0 0 -6.57685 
174.233 -144.482 821.268 34.8419 -155.587 162.346 17.3231 -13 2 1 0 0.6315 0.343119 -0.27116 2.85783 0 0 -6.61846 
174.535 -145.85 822.695 33.7877 -155.698 162.448 17.3305 -13 2 1 0 0.6315 0.34531 -0.274965 2.85296 0 0 -6.65695 
174.827 -147.219 824.124 32.7363 -155.8 162.551 17.3378 -13 2 1 0 0.6315 0.347378 -0.278693 2.84784 0 0 -6.69234 
175.11 -148.589 825.553 31.688 -155.892 162.655 17.3452 -13 2 1 0 0.6315 0.349423 -0.282425 2.8427 0 0 -6.72466 
175.384 -149.96 826.984 30.6427 -155.975 162.761 17.3525 -13 2 1 0 0.6315 0.351455 -0.286172 2.83754 0 0 -6.75393 
175.649 -151.331 828.415 29.6007 -156.049 162.868 17.3599 -13 2 1 0 0.6315 0.353477 -0.289935 2.83236 0 0 -6.78018 
175.905 -152.704 829.847 28.5619 -156.114 162.977 17.3673 -13 2 1 0 0.6315 0.35549 -0.293715 2.82715 0 0 -6.80343 
176.151 -154.076 831.281 27.5264 -156.169 163.087 17.3746 -13 2 1 0 0.6315 0.357493 -0.297512 2.82192 0 0 -6.82373 
176.389 -155.45 832.715 26.4945 -156.216 163.198 17.382 -13 2 1 0 0.6315 0.359485 -0.301325 2.81667 0 0 -6.84109 
176.617 -156.823 834.151 25.466 -156.253 163.31 17.3893 -13 2 1 0 0.6315 0.361467 -0.305155 2.81139 0 0 -6.85556 
176.837 -158.198 835.587 24.4412 -156.282 163.424 17.3967 -13 2 1 0 0.6315 0.363439 -0.309002 2.80609 0 0 -6.86715 
177.047 -159.572 837.025 23.4201 -156.302 163.54 17.404 -13 2 1 0 0.6315 0.3654 -0.312865 2.80077 0 0 -6.87592 
177.249 -160.947 838.463 22.4028 -156.313 163.657 17.4114 -13 2 1 0 0.6315 0.367351 -0.316745 2.79542 0 0 -6.88188 
177.441 -162.321 839.903 21.3894 -156.315 163.775 17.4187 -13 2 1 0 0.6315 0.3693 -0.320651 2.79007 0 0 -6.88508 
177.625 -163.696 841.344 20.3799 -156.308 163.894 17.4261 -13 2 1 0 0.6315 0.371305 -0.324635 2.78475 0 0 -6.88555 
177.8 -165.071 842.786 19.3745 -156.293 164.016 17.4335 -13 2 1 0 0.6315 0.3733 -0.328639 2.77941 0 0 -6.88334 
177.966 -166.445 844.229 18.3733 -156.27 164.138 17.4408 -13 2 1 0 0.6315 0.375292 -0.332668 2.77399 0 0 -6.87846 
178.123 -167.82 845.674 17.3763 -156.237 164.262 17.4482 -13 2 1 0 0.6315 0.377237 -0.336682 2.76849 0 0 -6.87098 
178.271 -169.194 847.119 16.3837 -156.197 164.388 17.4555 -13 2 1 0 0.6315 0.379071 -0.340619 2.76282 0 0 -6.86092 
178.411 -170.568 848.566 15.3955 -156.147 164.515 17.4629 -13 2 1 0 0.6315 0.380893 -0.344571 2.75712 0 0 -6.84833 
178.542 -171.941 850.014 14.4119 -156.09 164.643 17.4702 -13 2 1 0 0.6315 0.3827 -0.348538 2.7514 0 0 -6.83324 
178.665 -173.314 851.463 13.4328 -156.024 164.773 17.4776 -13 2 1 0 0.6315 0.384495 -0.35252 2.74565 0 0 -6.8157 
178.779 -174.687 852.913 12.4585 -155.95 164.905 17.485 -13 2 1 0 0.6315 0.386275 -0.356516 2.73987 0 0 -6.79575 
178.884 -176.059 854.365 11.4889 -155.868 165.038 17.4923 -13 2 1 0 0.6315 0.388038 -0.360522 2.73408 0 0 -6.77343 
178.981 -177.43 855.818 10.5241 -155.778 165.172 17.4997 -13 2 1 0 0.6315 0.389785 -0.364541 2.72827 0 0 -6.74879 
179.069 -178.8 857.272 9.56424 -155.68 165.308 17.507 -13 2 1 0 0.6315 0.391518 -0.368575 2.72244 0 0 -6.72186 
179.149 -180.17 858.727 8.60936 -155.574 165.446 17.5144 -13 2 1 0 0.6315 0.393237 -0.372623 2.71658 0 0 -6.6927 
179.221 -181.538 860.184 7.65955 -155.46 165.585 17.5217 -13 2 1 0 0.6315 0.394942 -0.376686 2.7107 0 0 -6.66136 
179.284 -182.906 861.641 6.71486 -155.339 165.725 17.5291 -13 2 1 0 0.6315 0.396632 -0.380763 2.70478 0 0 -6.62786 
179.339 -184.273 863.101 5.77539 -155.209 165.867 17.5365 -13 2 1 0 0.6315 0.398307 -0.384855 2.69885 0 0 -6.59227 
179.386 -185.638 864.561 4.84119 -155.072 166.01 17.5438 -13 2 1 0 0.6315 0.399969 -0.388962 2.69288 0 0 -6.55462 
179.424 -187.003 866.023 3.91237 -154.928 166.155 17.5512 -13 2 1 0 0.6315 0.401627 -0.393096 2.68683 0 0 -6.51497 
179.455 -188.366 867.486 2.98899 -154.776 166.302 17.5585 -13 2 1 0 0.6315 0.40327 -0.397244 2.68075 0 0 -6.47336 
179.477 -189.727 868.951 2.07115 -154.616 166.45 17.5659 -13 2 1 0 0.6315 0.404785 -0.401286 2.67452 0 0 -6.42984 
179.491 -191.088 870.417 1.1589 -154.449 166.6 17.5732 -13 2 1 0 0.6315 0.40628 -0.405337 2.66825 0 0 -6.38445 
179.497 -192.447 871.884 0.25232 -154.275 166.751 17.5806 -13 2 1 0 0.6315 0.407813 -0.409459 2.66198 0 0 -6.33725 
179.495 -193.804 873.353 -0.648513 -154.094 166.903 17.588 -13 2 1 0 0.6315 0.409329 -0.413592 2.65569 0 0 -6.28828 
179.495 -193.94 873.5 -0.738226 -154.075 166.918 17.5887 -13 2 1 0 0.6315 0.409479 -0.414005 2.65506 0 0 -6.28331 
179.487 -194.862 874.5 -1.34873 -153.946 167.033 17.5937 -13 2 1 0 0.6315 0.416525 -0.411271 2.65076 0 0 0 
179.477 -195.782 875.5 -1.95567 -153.813 167.15 17.5987 -13 2 1 0 0.6315 0.394308 -0.435411 2.64646 0 0 3.39757 
179.456 -197.136 876.972 -2.83491 -153.622 167.32 17.6061 -13 2 1 0 0.6315 0.395107 -0.440078 2.64009 0 0 3.27775 
179.427 -198.487 878.446 -3.70793 -153.425 167.491 17.6134 -13 2 1 0 0.6315 0.39589 -0.444747 2.6337 0 0 3.15922 
179.39 -199.837 879.922 -4.57468 -153.221 167.663 17.6208 -13 2 1 0 0.6315 0.396657 -0.44942 2.62729 0 0 3.04201 
179.346 -201.185 881.398 -5.4351 -153.01 167.836 17.6281 -13 2 1 0 0.6315 0.397408 -0.454096 2.62084 0 0 2.92614 
179.295 -202.531 882.877 -6.28913 -152.794 168.01 17.6355 -13 2 1 0 0.6315 0.398144 -0.458775 2.61436 0 0 2.81167 
179.236 -203.875 884.357 -7.13673 -152.571 168.185 17.6428 -13 2 1 0 0.6315 0.398864 -0.463457 2.60786 0 0 2.69861 
179.169 -205.217 885.838 -7.97783 -152.341 168.361 17.6502 -13 2 1 0 0.6315 0.399564 -0.468137 2.60134 0 0 2.587 
179.095 -206.558 887.321 -8.8124 -152.106 168.537 17.6576 -13 2 1 0 0.6315 0.400256 -0.472827 2.59475 0 0 2.47687 
179.014 -207.895 888.805 -9.64035 -151.865 168.715 17.6649 -13 2 1 0 0.6315 0.400937 -0.477523 2.58812 0 0 2.36825 
178.925 -209.231 890.291 -10.4616 -151.617 168.893 17.6723 -13 2 1 0 0.6315 0.401594 -0.482212 2.58145 0 0 2.26118 
178.83 -210.565 891.778 -11.2762 -151.364 169.073 17.6796 -13 2 1 0 0.6315 0.402106 -0.486748 2.57465 0 0 2.15566 
178.727 -211.896 893.268 -12.0841 -151.105 169.253 17.687 -13 2 1 0 0.6315 0.402604 -0.491283 2.56781 0 0 2.05175 
178.617 -213.225 894.758 -12.8852 -150.841 169.434 17.6943 -13 2 1 0 0.6315 0.403086 -0.495818 2.56095 0 0 1.94945 
178.5 -214.551 896.25 -13.6795 -150.571 169.616 17.7017 -13 2 1 0 0.6315 0.403555 -0.500352 2.55406 0 0 1.8488 
178.376 -215.875 897.744 -14.4669 -150.295 169.799 17.7091 -13 2 1 0 0.6315 0.404009 -0.504885 2.54715 0 0 1.74982 
178.245 -217.197 899.239 -15.2474 -150.014 169.983 17.7164 -13 2 1 0 0.6315 0.404449 -0.509416 2.5402 0 0 1.65252 
178.108 -218.516 900.736 -16.0209 -149.728 170.168 17.7238 -13 2 1 0 0.6315 0.404874 -0.513947 2.53323 0 0 1.55694 
177.963 -219.833 902.235 -16.7875 -149.436 170.353 17.7311 -13 2 1 0 0.6315 0.405287 -0.518477 2.52623 0 0 1.46309 
177.812 -221.147 903.735 -17.5471 -149.14 170.54 17.7385 -13 2 1 0 0.6315 0.405714 -0.523042 2.51921 0 0 1.371 
177.655 -222.458 905.237 -18.2995 -148.838 170.727 17.7458 -13 2 1 0 0.6315 0.406167 -0.527655 2.51217 0 0 1.28068 
177.49 -223.767 906.741 -19.0448 -148.531 170.915 17.7532 -13 2 1 0 0.6315 0.406605 -0.532266 2.50511 0 0 1.19214 
177.319 -225.073 908.246 -19.783 -148.22 171.105 17.7606 -13 2 1 0 0.6315 0.40703 -0.536877 2.49801 0 0 1.10541 
177.142 -226.376 909.752 -20.5139 -147.903 171.295 17.7679 -13 2 1 0 0.6315 0.407452 -0.5415 2.49081 0 0 1.02051 
176.958 -227.676 911.261 -21.2376 -147.582 171.486 17.7753 -13 2 1 0 0.6315 0.407861 -0.546122 2.48359 0 0 0.937437 
176.768 -228.974 912.771 -21.9539 -147.256 171.678 17.7826 -13 2 1 0 0.6315 0.408244 -0.550727 2.47634 0 0 0.856216 
176.572 -230.268 914.283 -22.663 -146.925 171.871 17.79 -13 2 1 0 0.6315 0.40849 -0.555164 2.46898 0 0 0.776857 
176.369 -231.56 915.796 -23.3647 -146.59 172.064 17.7973 -13 2 1 0 0.6315 0.408721 -0.559596 2.4616 0 0 0.699373 
176.161 -232.848 917.311 -24.059 -146.25 172.259 17.8047 -13 2 1 0 0.6315 0.40894 -0.564024 2.45419 0 0 0.623773 
175.946 -234.134 918.828 -24.746 -145.907 172.454 17.8121 -13 2 1 0 0.6315 0.409146 -0.568446 2.44675 0 0 0.550068 
175.725 -235.417 920.347 -25.4256 -145.559 172.65 17.8194 -13 2 1 0 0.6315 0.409337 -0.572861 2.43929 0 0 0.478267 
175.498 -236.696 921.867 -26.0977 -145.206 172.848 17.8268 -13 2 1 0 0.6315 0.409511 -0.577265 2.43181 0 0 0.408377 
175.266 -237.973 923.389 -26.7624 -144.85 173.046 17.8341 -13 2 1 0 0.6315 0.409673 -0.581665 2.4243 0 0 0.340406 
175.027 -239.246 924.913 -27.4196 -144.49 173.244 17.8415 -13 2 1 0 0.6315 0.409822 -0.586058 2.41677 0 0 0.274358 
174.783 -240.516 926.439 -28.0693 -144.126 173.444 17.8488 -13 2 1 0 0.6315 0.409959 -0.590447 2.4092 0 0 0.210241 
174.533 -241.783 927.966 -28.7115 -143.758 173.645 17.8562 -13 2 1 0 0.6315 0.410085 -0.594831 2.40161 0 0 0.148056 
174.278 -243.046 929.495 -29.3461 -143.386 173.846 17.8636 -13 2 1 0 0.6315 0.410199 -0.599209 2.39399 0 0 0.0878087 
174.017 -244.306 931.026 -29.9731 -143.011 174.048 17.8709 -13 2 1 0 0.6315 0.410311 -0.603595 2.38629 0 0 0.0295002 
173.75 -245.563 932.559 -30.5925 -142.632 174.251 17.8783 -13 2 1 0 0.6315 0.410415 -0.607982 2.37854 0 0 -0.0268677 
173.478 -246.817 934.093 -31.2043 -142.25 174.455 17.8856 -13 2 1 0 0.6315 0.410507 -0.612363 2.37076 0 0 -0.0812947 
173.201 -248.067 935.63 -31.8083 -141.864 174.66 17.893 -13 2 1 0 0.6315 0.410541 -0.616668 2.36294 0 0 -0.133781 
172.918 -249.314 937.168 -32.4048 -141.475 174.865 17.9003 -13 2 1 0 0.6315 0.410481 -0.620846 2.35508 0 0 -0.184328 
172.631 -250.557 938.707 -32.9936 -141.082 175.071 17.9077 -13 2 1 0 0.6315 0.410411 -0.625017 2.3472 0 0 -0.232937 
172.338 -251.797 940.249 -33.5748 -140.687 175.279 17.9151 -13 2 1 0 0.6315 0.410354 -0.629214 2.33928 0 0 -0.279612 
172.04 -253.034 941.793 -34.1483 -140.288 175.486 17.9224 -13 2 1 0 0.6315 0.410319 -0.633454 2.33132 0 0 -0.324357 
171.737 -254.267 943.338 -34.7141 -139.887 175.695 17.9298 -13 2 1 0 0.6315 0.410273 -0.637685 2.32334 0 0 -0.367175 
171.429 -255.496 944.885 -35.2721 -139.482 175.904 17.9371 -13 2 1 0 0.6315 0.410216 -0.641907 2.31533 0 0 -0.408073 
171.116 -256.722 946.434 -35.8224 -139.075 176.115 17.9445 -13 2 1 0 0.6315 0.410147 -0.646121 2.30729 0 0 -0.447056 
170.798 -257.944 947.985 -36.3649 -138.665 176.326 17.9518 -13 2 1 0 0.6315 0.410068 -0.650326 2.29922 0 0 -0.484133 
170.476 -259.163 949.538 -36.8997 -138.252 176.537 17.9592 -13 2 1 0 0.6315 0.409978 -0.654522 2.29112 0 0 -0.519309 
170.149 -260.378 951.093 -37.4267 -137.837 176.75 17.9666 -13 2 1 0 0.6315 0.409878 -0.658709 2.28299 0 0 -0.552595 
169.817 -261.589 952.649 -37.9459 -137.419 176.963 17.9739 -13 2 1 0 0.6315 0.409775 -0.662901 2.27479 0 0 -0.583999 
169.481 -262.796 954.208 -38.4572 -136.999 177.177 17.9813 -13 2 1 0 0.6315 0.409667 -0.667092 2.26653 0 0 -0.613531 
169.14 -264 955.768 -38.9607 -136.576 177.392 17.9886 -13 2 1 0 0.6315 0.40955 -0.671275 2.25824 0 0 -0.641204 
168.795 -265.2 957.33 -39.4564 -136.151 177.608 17.996 -13 2 1 0 0.6315 0.409423 -0.67545 2.24992 0 0 -0.667027 
168.446 -266.397 958.894 -39.9442 -135.724 177.824 18.0033 -13 2 1 0 0.6315 0.409174 -0.679436 2.2416 0 0 -0.691013 
168.092 -267.59 960.46 -40.4243 -135.295 178.041 18.0107 -13 2 1 0 0.6315 0.408902 -0.683386 2.23326 0 0 -0.713176 
167.734 -268.778 962.028 -40.8966 -134.864 178.258 18.0181 -13 2 1 0 0.6315 0.408619 -0.687324 2.2249 0 0 -0.733529 
167.372 -269.964 963.598 -41.3612 -134.43 178.477 18.0254 -13 2 1 0 0.6315 0.408327 -0.691251 2.21651 0 0 -0.752086 
167.006 -271.145 965.17 -41.818 -133.995 178.696 18.0328 -13 2 1 0 0.6315 0.408027 -0.695167 2.20809 0 0 -0.768863 
166.636 -272.322 966.744 -42.267 -133.558 178.915 18.0401 -13 2 1 0 0.6315 0.407718 -0.699072 2.19965 0 0 -0.783875 
166.262 -273.496 968.319 -42.7083 -133.12 179.135 18.0475 -13 2 1 0 0.6315 0.4074 -0.702967 2.19118 0 0 -0.797139 
165.884 -274.666 969.897 -43.1418 -132.679 179.356 18.0548 -13 2 1 0 0.6315 0.407074 -0.70685 2.18268 0 0 -0.808671 
165.502 -275.831 971.477 -43.5676 -132.237 179.578 18.0622 -13 2 1 0 0.6315 0.40674 -0.710723 2.17415 0 0 -0.818489 
165.117 -276.993 973.058 -43.9855 -131.794 179.8 18.0696 -13 2 1 0 0.6315 0.406398 -0.714585 2.1656 0 0 -0.826612 
164.728 -278.151 974.642 -44.3957 -131.349 180.023 18.0769 -13 2 1 0 0.6315 0.406057 -0.718452 2.15696 0 0 -0.833059 
164.336 -279.306 976.227 -44.7981 -130.903 180.246 18.0843 -13 2 1 0 0.6315 0.405713 -0.722317 2.14828 0 0 -0.837847 
163.94 -280.456 977.815 -45.1927 -130.455 180.47 18.0916 -13 2 1 0 0.6315 0.405361 -0.726172 2.13956 0 0 -0.840999 
163.54 -281.602 979.404 -45.5796 -130.007 180.695 18.099 -13 2 1 0 0.6315 0.405002 -0.730016 2.13082 0 0 -0.842533 
163.137 -282.744 980.996 -45.9586 -129.557 180.92 18.1063 -13 2 1 0 0.6315 0.404574 -0.73374 2.12208 0 0 -0.842472 
162.731 -283.883 982.589 -46.3299 -129.106 181.146 18.1137 -13 2 1 0 0.6315 0.404133 -0.737441 2.11332 0 0 -0.840837 
162.322 -285.017 984.185 -46.6935 -128.654 181.372 18.1211 -13 2 1 0 0.6315 0.403684 -0.741129 2.10453 0 0 -0.837649 
161.909 -286.148 985.782 -47.0495 -128.201 181.599 18.1284 -13 2 1 0 0.6315 0.403227 -0.744803 2.09571 0 0 -0.832932 
161.493 -287.274 987.382 -47.3977 -127.747 181.826 18.1358 -13 2 1 0 0.6315 0.402762 -0.748463 2.08687 0 0 -0.826708 
161.075 -288.397 988.983 -47.7382 -127.292 182.054 18.1431 -13 2 1 0 0.6315 0.402289 -0.75211 2.078 0 0 -0.819001 
160.653 -289.515 990.586 -48.071 -126.837 182.282 18.1505 -13 2 1 0 0.6315 0.40181 -0.755744 2.0691 0 0 -0.809836 
160.228 -290.63 992.192 -48.3962 -126.381 182.511 18.1578 -13 2 1 0 0.6315 0.401323 -0.759364 2.06017 0 0 -0.799235 
159.801 -291.74 993.8 -48.7137 -125.924 182.74 18.1652 -13 2 1 0 0.6315 0.400829 -0.762972 2.05122 0 0 -0.787226 
159.371 -292.846 995.409 -49.0236 -125.467 182.97 18.1726 -13 2 1 0 0.6315 0.400328 -0.766566 2.04224 0 0 -0.773832 
158.938 -293.949 997.021 -49.3258 -125.009 183.2 18.1799 -13 2 1 0 0.6315 0.399834 -0.770172 2.03316 0 0 -0.759079 
158.503 -295.047 998.634 -49.6204 -124.551 183.431 18.1873 -13 2 1 0 0.6315 0.399334 -0.773766 2.02404 0 0 -0.742994 
158.268 -295.633 999.5 -49.775 -124.305 183.555 18.1912 -13 2 1 0 0.6315 0.399062 -0.775685 2.01914 0 0 -0.733863 
157.828 -296.726 1001.12 -50.0578 -123.846 183.786 18.1986 -13 2 1 0 0.6315 0.398552 -0.77926 2.00999 0 0 -0.715784 
157.387 -297.814 1002.74 -50.333 -123.388 184.018 18.2059 -13 2 1 0 0.6315 0.398005 -0.782762 2.00084 0 0 -0.69644 
156.942 -298.898 1004.36 -50.6006 -122.928 184.25 18.2133 -13 2 1 0 0.6315 0.397383 -0.786115 1.99175 0 0 -0.675859 
156.496 -299.978 1005.98 -50.8608 -122.469 184.483 18.2206 -13 2 1 0 0.6315 0.396751 -0.789447 1.98265 0 0 -0.654069 
156.047 -301.054 1007.6 -51.1135 -122.01 184.716 18.228 -13 2 1 0 0.6315 0.396114 -0.792764 1.97353 0 0 -0.631097 
155.596 -302.126 1009.23 -51.3588 -121.551 184.949 18.2354 -13 2 1 0 0.6315 0.395472 -0.796067 1.96438 0 0 -0.606971 
155.143 -303.194 1010.86 -51.5967 -121.091 185.182 18.2427 -13 2 1 0 0.6315 0.394825 -0.799355 1.95521 0 0 -0.581722 
154.687 -304.258 1012.49 -51.8272 -120.632 185.416 18.2501 -13 2 1 0 0.6315 0.394172 -0.80263 1.94601 0 0 -0.555376 
154.23 -305.318 1014.13 -52.0503 -120.173 185.651 18.2574 -13 2 1 0 0.6315 0.393514 -0.80589 1.93678 0 0 -0.527965 
153.771 -306.374 1015.76 -52.266 -119.715 185.885 18.2648 -13 2 1 0 0.6315 0.392851 -0.809136 1.92753 0 0 -0.499516 
153.31 -307.426 1017.4 -52.4743 -119.256 186.12 18.2721 -13 2 1 0 0.6315 0.392184 -0.812367 1.91826 0 0 -0.47006 
152.847 -308.474 1019.04 -52.6754 -118.798 186.355 18.2795 -13 2 1 0 0.6315 0.391526 -0.815615 1.90887 0 0 -0.439626 
152.383 -309.517 1020.68 -52.869 -118.34 186.59 18.2869 -13 2 1 0 0.6315 0.390863 -0.818849 1.89946 0 0 -0.408246 
151.916 -310.557 1022.32 -53.0554 -117.883 186.826 18.2942 -13 2 1 0 0.6315 0.390197 -0.822069 1.89003 0 0 -0.375948 
151.449 -311.593 1023.97 -53.2344 -117.426 187.061 18.3016 -13 2 1 0 0.6315 0.389525 -0.825275 1.88057 0 0 -0.342763 
150.979 -312.625 1025.62 -53.4062 -116.97 187.297 18.3089 -13 2 1 0 0.6315 0.388796 -0.828354 1.87118 0 0 -0.308723 
150.508 -313.652 1027.27 -53.5708 -116.514 187.534 18.3163 -13 2 1 0 0.6315 0.388053 -0.831397 1.86179 0 0 -0.273857 
150.036 -314.676 1028.92 -53.7282 -116.059 187.77 18.3236 -13 2 1 0 0.6315 0.387313 -0.834439 1.85236 0 0 -0.238198 
149.562 -315.696 1030.57 -53.8785 -115.605 188.006 18.331 -13 2 1 0 0.6315 0.386569 -0.837465 1.8429 0 0 -0.201775 
149.087 -316.711 1032.23 -54.0217 -115.152 188.243 18.3384 -13 2 1 0 0.6315 0.385819 -0.840475 1.83343 0 0 -0.16462 
148.611 -317.723 1033.89 -54.1578 -114.699 188.48 18.3457 -13 2 1 0 0.6315 0.385066 -0.84347 1.82393 0 0 -0.126765 
148.134 -318.731 1035.55 -54.2868 -114.247 188.717 18.3531 -13 2 1 0 0.6315 0.384308 -0.846448 1.8144 0 0 -0.0882409 
147.655 -319.735 1037.21 -54.4088 -113.796 188.954 18.3604 -13 2 1 0 0.6315 0.383546 -0.84941 1.80486 0 0 -0.0490791 
147.176 -320.734 1038.87 -54.5237 -113.346 189.191 18.3678 -13 2 1 0 0.6315 0.382781 -0.852357 1.79529 0 0 -0.00931137 
147.047 -321.002 1039.32 -54.5535 -113.225 189.255 18.3698 -13 2 1 0 0.6315 0.382574 -0.853146 1.79271 0 0 0.00145787 
147.047 -321.002 1039.32 -54.5535 -113.225 189.255 18.3698 -13 2 1 0 0.6315 0.382574 -0.853146 1.79271 0 0 0.00145787 

