#BLTrackFile VirtualDetector/finalPhase
#x y z Px Py Pz t PDGid EventID TrackID ParentID Weight
#mm mm mm MeV/c MeV/c MeV/c ns - - - - -
9.95344 11.2618 12000 0.659905 3.91819 200.238 45.4039 -13 1 1 0 1
-15.2123 20.2066 12000 -2.88486 4.5698 201.313 45.6897 -13 2 1 0 1
-13.1383 -38.9871 12000 -5.47488 -4.33025 201.93 45.7602 -13 3 1 0 1
-38.1507 -22.1172 12000 -3.55556 1.84595 196.28 45.5199 -13 4 1 0 1
-27.2099 -2.65221 12000 3.22434 -0.816662 203.022 45.7992 -13 5 1 0 1
-39.0116 42.6083 12000 -4.34857 4.37236 199.86 45.7855 -13 6 1 0 1
34.0921 -92.0917 12000 2.56324 -12.1717 200.455 45.4749 -13 7 1 0 1
-19.4821 6.84893 12000 -0.28732 2.48 197.071 45.4706 -13 8 1 0 1
-10.4346 26.7258 12000 1.8325 -0.297569 197.136 45.947 -13 9 1 0 1
-23.551 29.2368 12000 -0.359104 6.26606 201.64 45.8652 -13 10 1 0 1
11.9195 5.1639 12000 1.88582 2.27482 198.403 46.1309 -13 11 1 0 1
19.1776 34.1839 12000 3.76228 6.14912 199.225 46.0781 -13 12 1 0 1
19.9908 2.10379 12000 4.39218 1.18739 199.676 45.6013 -13 13 1 0 1
94.222 -19.5535 12000 13.1673 -0.160825 200.475 45.4902 -13 14 1 0 1
36.543 -23.9675 12000 4.65934 -3.64662 202.051 45.672 -13 15 1 0 1
22.6323 44.144 12000 6.00408 4.6006 204.277 45.7016 -13 16 1 0 1
-48.9113 12.6924 12000 -5.83387 4.05668 199.817 45.4392 -13 17 1 0 1
21.7913 25.9719 12000 4.41723 1.89218 196.657 45.473 -13 18 1 0 1
0.0534519 12.2954 12000 1.8228 0.756609 197.989 46.1036 -13 19 1 0 1
-5.84056 -39.3713 12000 -0.545299 -2.70691 201.256 45.8898 -13 20 1 0 1
-47.0636 -1.48392 12000 -8.87027 1.06727 198.265 45.5922 -13 21 1 0 1
58.3303 -25.6012 12000 0.751947 -2.00961 200.554 45.6194 -13 22 1 0 1
29.7601 30.5162 12000 6.36085 2.67225 199.94 45.7876 -13 23 1 0 1
9.08358 -48.1517 12000 -1.50086 -3.9857 201.453 45.8115 -13 24 1 0 1
38.9459 28.9439 12000 4.31275 4.54716 202.465 45.7092 -13 25 1 0 1
4.47232 33.4013 12000 1.74155 2.62076 195.462 45.5122 -13 26 1 0 1
-57.1445 -8.9283 12000 -5.4329 0.0105469 201.818 45.8446 -13 27 1 0 1
14.4027 -27.9416 12000 2.62457 -0.879466 201.379 45.9072 -13 29 1 0 1
-4.47177 -23.0397 12000 -1.17885 -1.66324 198.801 45.4849 -13 30 1 0 1
9.48702 -0.228322 12000 -0.589809 0.17972 198.445 46.0061 -13 31 1 0 1
7.44644 18.6307 12000 -2.26321 0.0529846 199.578 46.0789 -13 32 1 0 1
2.16456 11.607 12000 -0.0747449 0.841657 201.907 45.5217 -13 33 1 0 1
33.2996 -45.1331 12000 3.00448 -7.61046 197.732 45.7393 -13 34 1 0 1
-8.58989 15.5453 12000 -2.61165 -0.0281397 197.812 45.5457 -13 35 1 0 1
-16.7702 -5.62759 12000 -2.1442 0.434063 197.875 45.4832 -13 36 1 0 1
-9.35736 -17.5532 12000 2.7808 -0.925953 196.451 45.6192 -13 37 1 0 1
-30.2722 21.6433 12000 -2.56853 3.09203 201.367 45.6319 -13 38 1 0 1
35.5114 20.9791 12000 2.87829 0.0443249 201.935 45.6274 -13 39 1 0 1
1.33794 -48.4963 12000 -1.33596 -6.13054 200.521 45.507 -13 40 1 0 1
13.7258 -27.8179 12000 0.255086 -2.34683 200.817 45.6684 -13 41 1 0 1
-13.0063 24.1346 12000 0.64372 2.51902 201.365 45.7722 -13 42 1 0 1
5.99762 6.46608 12000 1.3664 0.0713512 200.468 45.8375 -13 43 1 0 1
-22.1107 11.2477 12000 -1.16377 -0.825148 198.619 45.652 -13 44 1 0 1
23.5716 43.8508 12000 1.57327 5.2249 200.211 45.6958 -13 45 1 0 1
-0.132522 -14.7794 12000 -0.106176 -1.72096 201.967 45.835 -13 46 1 0 1
-20.7727 -2.80426 12000 -4.62849 2.73987 202.53 45.9745 -13 47 1 0 1
9.53931 -22.6538 12000 3.34039 -1.05225 198.744 45.5145 -13 48 1 0 1
32.4848 34.0494 12000 3.68702 1.76441 197.868 45.4465 -13 49 1 0 1
-5.50862 -4.29536 12000 1.14874 2.77198 198.901 45.9016 -13 50 1 0 1
56.1085 -1.67866 12000 6.14407 1.19101 200.073 45.409 -13 51 1 0 1
-24.764 -54.1713 12000 -8.1211 -8.54533 200.663 45.9714 -13 52 1 0 1
-29.2227 -17.949 12000 -6.49891 -0.357012 201.495 45.886 -13 53 1 0 1
12.2862 23.0599 12000 2.14546 0.667909 201.772 45.794 -13 54 1 0 1
-14.4954 -9.27074 12000 -2.53407 -1.24665 198.649 46.0926 -13 55 1 0 1
31.3965 -39.9188 12000 3.07421 -7.29087 195.498 46.1511 -13 56 1 0 1
-10.7314 21.4532 12000 1.16204 4.46208 201.703 45.7128 -13 57 1 0 1
10.1101 38.7206 12000 0.797974 5.99562 202.53 45.6817 -13 58 1 0 1
-22.8948 6.25495 12000 0.241482 -1.2729 192.811 46.0702 -13 59 1 0 1
13.8456 -11.133 12000 0.990061 -1.58198 199.471 45.5239 -13 60 1 0 1
5.13571 16.8608 12000 -0.86221 4.63584 200.517 45.6192 -13 61 1 0 1
17.7075 29.2345 12000 1.91702 1.07147 198.623 46.0008 -13 62 1 0 1
24.1885 20.9615 12000 4.2728 1.18599 200.517 45.4955 -13 63 1 0 1
-15.0426 3.88503 12000 1.60606 2.28206 201.256 45.4822 -13 64 1 0 1
-20.051 -45.1249 12000 -3.54535 -5.26155 202.237 45.7167 -13 65 1 0 1
-28.5037 27.8479 12000 -2.73481 1.65495 197.872 45.8579 -13 66 1 0 1
7.63121 15.6369 12000 -0.642595 4.79136 201.041 45.6827 -13 67 1 0 1
-5.62179 -19.871 12000 -1.54153 1.18792 195.117 46.1192 -13 68 1 0 1
-5.54041 3.41381 12000 -2.23501 5.24449 197.138 45.6983 -13 69 1 0 1
-47.8724 -1.36921 12000 -6.40808 0.2892 200.098 45.4466 -13 70 1 0 1
33.475 73.716 12000 8.39409 4.09358 200.124 45.5518 -13 71 1 0 1
-16.8781 -7.32245 12000 0.097703 0.0741003 201.875 45.9475 -13 72 1 0 1
44.5717 -0.571391 12000 5.62909 -2.73718 200.309 45.9077 -13 73 1 0 1
-14.9564 -0.918836 12000 -2.38031 -2.5608 200.511 45.7744 -13 74 1 0 1
-28.7353 -3.50984 12000 -3.86439 1.37523 196.65 45.4642 -13 75 1 0 1
4.57869 -14.9686 12000 -0.131851 0.649211 199.335 45.5756 -13 76 1 0 1
-1.77384 -26.1736 12000 -0.140521 -2.47229 198.755 45.5063 -13 77 1 0 1
49.2904 6.79762 12000 3.41063 0.636697 194.487 45.7762 -13 78 1 0 1
10.6672 -10.6469 12000 3.03358 -3.96739 200.829 45.6835 -13 79 1 0 1
35.4057 -48.9481 12000 5.73618 -6.91313 201.545 45.721 -13 80 1 0 1
-16.5999 -57.9706 12000 -2.32499 -7.79988 200.725 45.7814 -13 81 1 0 1
-7.76051 -10.9572 12000 -0.655916 0.166989 201.433 45.8606 -13 82 1 0 1
-19.3151 -6.76492 12000 -2.73129 1.42271 199.022 45.5358 -13 83 1 0 1
2.13337 -43.5828 12000 -0.55817 -2.00267 202.127 45.7185 -13 84 1 0 1
8.84551 11.3644 12000 -1.55083 3.08118 198.436 45.8226 -13 85 1 0 1
-0.100484 8.78314 12000 2.02824 4.74583 199.906 45.428 -13 86 1 0 1
-15.6659 -1.08457 12000 -3.01883 2.42648 199.913 45.9976 -13 87 1 0 1
0.403588 -5.62588 12000 -0.502459 -2.70863 198.018 45.7762 -13 88 1 0 1
2.00209 24.0447 12000 2.8144 4.2746 200.31 45.4907 -13 89 1 0 1
-0.398637 1.82586 12000 2.41325 -0.963106 198.017 45.5508 -13 90 1 0 1
9.96431 -3.50306 12000 -3.94845 -4.32565 190.203 46.2923 -13 91 1 0 1
28.3033 -12.5108 12000 2.45835 -3.57907 201.268 45.6992 -13 92 1 0 1
1.37519 -0.513801 12000 -1.52186 -1.69045 198.944 45.581 -13 93 1 0 1
-8.38352 -19.963 12000 -0.0633945 -1.93061 199.239 45.8049 -13 94 1 0 1
-30.7533 28.1267 12000 -2.14947 2.57204 200.196 45.59 -13 95 1 0 1
-26.9246 -28.2499 12000 -3.59139 -1.16084 197.795 46.0349 -13 96 1 0 1
-20.8385 -4.83795 12000 -1.56925 3.50451 202.537 45.8273 -13 97 1 0 1
-10.9891 -50.2655 12000 -2.2095 -6.13539 197.471 45.5084 -13 98 1 0 1
-41.7635 -15.6366 12000 -4.16517 0.5411 198.74 45.4505 -13 99 1 0 1
28.2 17.3723 12000 2.48642 0.508628 199.741 45.6513 -13 100 1 0 1
