#BLTrackFile VirtualDetector/initPhase
#x y z Px Py Pz t PDGid EventID TrackID ParentID Weight
#mm mm mm MeV/c MeV/c MeV/c ns - - - - -
-3.72243 0.176081 200 -3.69329 1.47739 208.501 0.748004 -13 1 1 0 1
-0.282597 1.65809 200 0.308145 1.68778 198.779 0.755537 -13 2 1 0 1
-0.774582 2.87441 200 0.2727 2.98313 195.948 0.758 -13 3 1 0 1
1.78337 3.06187 200 2.86155 2.45469 207.8 0.748509 -13 4 1 0 1
4.67038 -3.21974 200 3.35927 -4.72157 199.076 0.755512 -13 5 1 0 1
-1.03995 0.0192048 200 -0.997767 0.381686 200.227 0.754323 -13 6 1 0 1
2.30753 6.12074 200 4.46649 5.37318 208.647 0.748118 -13 7 1 0 1
4.37605 2.1268 200 5.1517 0.614906 208.277 0.748243 -13 8 1 0 1
-0.669518 -0.336769 200 -0.746023 -0.0823143 194.968 0.758797 -13 9 1 0 1
2.51194 0.375438 200 2.46985 -0.527578 193.507 0.760147 -13 10 1 0 1
1.4427 -3.97871 200 -0.0660924 -4.15281 190.825 0.762699 -13 11 1 0 1
2.91971 -0.885596 200 2.37114 -1.83251 190.997 0.762473 -13 12 1 0 1
-0.253908 1.02577 200 0.113354 1.07776 199.911 0.754583 -13 13 1 0 1
1.27002 2.88385 200 2.26908 2.4224 205.613 0.750132 -13 14 1 0 1
-0.283594 2.03628 200 0.437333 2.06432 200.082 0.754466 -13 15 1 0 1
-1.29356 -2.19393 200 -1.98904 -1.62249 196.276 0.757698 -13 16 1 0 1
3.00323 -1.33188 200 2.54994 -2.38577 207.578 0.74866 -13 17 1 0 1
-0.180761 -2.2713 200 -0.975862 -2.2333 208.963 0.7476 -13 18 1 0 1
-1.67201 -1.36159 200 -2.01469 -0.669633 191.494 0.761975 -13 19 1 0 1
-0.587525 1.23408 200 -0.115642 1.3532 193.36 0.760244 -13 20 1 0 1
0.126267 -0.860915 200 -0.174343 -0.905074 206.838 0.749136 -13 21 1 0 1
-0.0988506 2.60143 200 0.811769 2.57689 202.43 0.752586 -13 22 1 0 1
4.36999 -0.495142 200 3.96527 -1.99475 196.566 0.757544 -13 23 1 0 1
2.02305 2.14089 200 2.65791 1.31521 196.058 0.757904 -13 24 1 0 1
-2.28916 1.02973 200 -1.86356 1.79937 201.242 0.753536 -13 25 1 0 1
-3.01045 -1.83197 200 -3.67182 -0.79399 208.214 0.748203 -13 26 1 0 1
1.71042 -4.10939 200 0.184945 -4.48894 196.582 0.757534 -13 27 1 0 1
0.256473 -2.29943 200 -0.554982 -2.31251 200.391 0.754221 -13 28 1 0 1
3.73384 0.282684 200 3.56524 -1.04133 192.994 0.760668 -13 29 1 0 1
1.98467 -0.335296 200 1.87765 -1.03001 207.803 0.748442 -13 30 1 0 1
-5.66378 1.51497 200 -4.66338 3.36642 190.745 0.762899 -13 31 1 0 1
-3.37918 1.21619 200 -2.68705 2.29986 191.539 0.761995 -13 32 1 0 1
1.70561 -2.11941 200 0.932025 -2.67332 203.019 0.752124 -13 33 1 0 1
-1.30991 -2.84523 200 -2.27171 -2.31899 202.14 0.752841 -13 34 1 0 1
-1.13017 -1.26293 200 -1.5588 -0.85446 204.704 0.750775 -13 35 1 0 1
-1.49052 -2.00411 200 -2.1962 -1.49154 207.584 0.748621 -13 36 1 0 1
-0.00202263 -0.594642 200 -0.209668 -0.595252 207.251 0.748824 -13 37 1 0 1
0.709798 -2.93203 200 -0.329646 -3.1153 202.56 0.752501 -13 38 1 0 1
-1.92396 -0.991258 200 -2.21182 -0.289411 200.964 0.753749 -13 39 1 0 1
1.08073 0.714125 200 1.31939 0.329674 204.906 0.75061 -13 40 1 0 1
-1.1829 0.820747 200 -0.856193 1.20597 200.266 0.754299 -13 41 1 0 1
3.03558 0.883362 200 3.2102 -0.215551 198.298 0.755995 -13 42 1 0 1
1.21375 -0.669402 200 0.91615 -1.05801 196.657 0.757333 -13 43 1 0 1
-0.144004 -5.08138 200 -1.91406 -4.88386 201.211 0.75371 -13 44 1 0 1
-0.510213 -0.00983679 200 -0.49605 0.168662 200.154 0.754377 -13 45 1 0 1
2.94564 -0.941623 200 2.42295 -1.9082 194.107 0.759631 -13 46 1 0 1
0.337162 2.57144 200 1.20852 2.25127 191.623 0.761871 -13 47 1 0 1
1.64549 2.18588 200 2.43047 1.64013 209.374 0.747319 -13 48 1 0 1
1.19259 -0.406059 200 1.06373 -0.826899 208.922 0.747602 -13 49 1 0 1
3.16788 0.0958459 200 3.03175 -1.01545 196.476 0.757552 -13 50 1 0 1
0.337431 0.988567 200 0.686922 0.88333 209.288 0.747332 -13 51 1 0 1
-2.92901 0.866547 200 -2.43491 1.83264 194.192 0.759553 -13 52 1 0 1
0.220551 0.936277 200 0.531727 0.792362 193.025 0.760541 -13 53 1 0 1
-2.32258 -0.443232 200 -2.34668 0.392714 195.952 0.757972 -13 54 1 0 1
0.219362 -5.53771 200 -1.73298 -5.13983 190.276 0.763312 -13 55 1 0 1
-3.6007 1.87313 200 -2.64529 2.97364 190.664 0.76284 -13 56 1 0 1
4.06939 -3.52871 200 2.63833 -4.77704 197.364 0.756932 -13 57 1 0 1
-2.81749 -1.46466 200 -3.19896 -0.413286 197.905 0.756328 -13 58 1 0 1
4.48532 -2.07886 200 3.42689 -3.49084 192.499 0.761198 -13 59 1 0 1
1.08592 2.6398 200 1.98508 2.20566 202.794 0.752308 -13 60 1 0 1
-0.163367 0.252702 200 -0.0708126 0.303073 201.715 0.753107 -13 61 1 0 1
-1.75887 -1.54399 200 -2.17543 -0.822215 193.364 0.760268 -13 62 1 0 1
1.93067 -3.19598 200 0.790068 -3.82932 204.349 0.751134 -13 63 1 0 1
1.74867 0.389005 200 1.88235 -0.222087 206.583 0.749346 -13 64 1 0 1
0.20204 -1.20295 200 -0.225968 -1.22615 199.214 0.755164 -13 65 1 0 1
-0.960837 -0.601068 200 -1.11144 -0.22847 194.904 0.758859 -13 66 1 0 1
1.51724 -3.12997 200 0.386729 -3.58219 202.027 0.752949 -13 67 1 0 1
2.29379 3.34085 200 3.27174 2.26524 190.948 0.762573 -13 68 1 0 1
2.51214 4.17333 200 3.92953 3.23008 203.751 0.751674 -13 69 1 0 1
1.87288 -1.07081 200 1.50252 -1.72682 207.189 0.748903 -13 70 1 0 1
-1.95937 -4.56038 200 -3.54114 -3.85169 205.773 0.750122 -13 71 1 0 1
3.25939 1.58935 200 3.53658 0.315791 190.37 0.763091 -13 72 1 0 1
0.207983 -0.120777 200 0.152501 -0.185674 194.464 0.75924 -13 73 1 0 1
-1.91201 -1.43529 200 -2.2963 -0.679898 195.012 0.758798 -13 74 1 0 1
-0.318872 -0.927686 200 -0.647597 -0.830276 209.731 0.74701 -13 75 1 0 1
0.207609 -3.54665 200 -1.03044 -3.62526 207.153 0.748991 -13 76 1 0 1
1.31038 1.74723 200 1.90344 1.26694 204.305 0.751098 -13 77 1 0 1
1.27399 1.69594 200 1.83606 1.21097 202.247 0.752715 -13 78 1 0 1
2.10183 -0.168014 200 1.96968 -0.896069 200.062 0.754485 -13 79 1 0 1
2.23688 2.84351 200 3.12539 1.92976 197.801 0.756439 -13 80 1 0 1
2.47738 -3.03074 200 1.2819 -3.72792 196.117 0.757902 -13 81 1 0 1
-0.408737 1.83094 200 0.260321 1.84054 192.783 0.760781 -13 82 1 0 1
3.85232 1.27061 200 4.28029 -0.0796922 206.029 0.749865 -13 83 1 0 1
2.27356 1.90704 200 2.82868 1.02023 197.404 0.756745 -13 84 1 0 1
0.18763 3.28801 200 1.32841 3.0941 199.271 0.755187 -13 85 1 0 1
-2.6752 -2.15975 200 -3.45911 -1.24967 208.974 0.747642 -13 86 1 0 1
1.25191 0.913393 200 1.46552 0.399386 190.582 0.762811 -13 87 1 0 1
-0.688903 -2.1237 200 -1.41022 -1.82073 201.138 0.75361 -13 88 1 0 1
0.258582 0.297148 200 0.362068 0.206541 206.618 0.749296 -13 89 1 0 1
-1.82134 0.279026 200 -1.71502 0.913651 205.878 0.74988 -13 90 1 0 1
-3.96778 -4.04087 200 -5.06739 -2.33847 191.667 0.762022 -13 91 1 0 1
1.02128 -0.600915 200 0.776584 -0.937018 200.222 0.75433 -13 92 1 0 1
-3.2849 -1.20853 200 -3.67055 -0.0481436 204.678 0.750866 -13 93 1 0 1
1.98571 -0.629834 200 1.69673 -1.30131 200.099 0.754454 -13 94 1 0 1
-0.123868 -2.55247 200 -1.01204 -2.44522 201.971 0.752951 -13 95 1 0 1
-1.78192 -0.129078 200 -1.74286 0.499237 197.698 0.756451 -13 96 1 0 1
2.3365 0.754134 200 2.45896 -0.107201 195.175 0.758656 -13 97 1 0 1
1.2673 1.46782 200 1.77805 1.02321 206.548 0.749377 -13 98 1 0 1
0.148015 -3.98225 200 -1.24192 -4.04893 207.547 0.748723 -13 99 1 0 1
0.703001 0.31785 200 0.795562 0.0640393 201.753 0.75308 -13 100 1 0 1
