# ReferenceParticle
#x y z Px Py Pz t PDGid EventID TrackID ParentID Weight Bx By Bz Ex Ey Ez
# Event -1 Track 1
0 0 -3437.5 0 0 203 0 -13 -1 1 0 1 -3.02525e-20 -0.000336186 0.0220772 0 0 0 
0.00253408 -2.88909e-06 -3337.5 0.0103953 -1.80011e-05 203 0.376041 -13 -1 1 0 1 -2.60514e-08 -0.000357605 0.0240272 0 0 0 
0.0103516 -2.47943e-05 -3237.5 0.0214602 -7.90792e-05 203 0.752083 -13 -1 1 0 1 -1.18563e-07 -0.000380875 0.0261988 0 0 0 
0.0237961 -8.99315e-05 -3137.5 0.0332501 -0.000195879 203 1.12812 -13 -1 1 0 1 -3.04338e-07 -0.000406059 0.0286196 0 0 0 
0.0432397 -0.000229522 -3037.5 0.0458276 -0.000384335 203 1.50417 -13 -1 1 0 1 -6.1907e-07 -0.00043347 0.0313276 0 0 0 
0.0690867 -0.000483619 -2937.5 0.0592593 -0.000664515 203 1.88021 -13 -1 1 0 1 -1.11004e-06 -0.00046321 0.0343616 0 0 0 
0.101776 -0.000903408 -2837.5 0.0736208 -0.00106178 203 2.25625 -13 -1 1 0 1 -1.84017e-06 -0.000495622 0.0377724 0 0 0 
0.136362 -0.00145746 -2750.01 0.0870114 -0.00153036 203 2.58525 -13 -1 1 0 1 -2.73995e-06 -0.000526315 0.041109 0 0 0 
0.138079 -0.00148778 -2746.02 0.0876414 -0.00155486 203 2.60025 -13 -1 1 0 1 -2.78786e-06 -0.000527744 0.0412687 0 0 0 
0.185238 -0.00242201 -2646.02 0.104014 -0.00227293 203 2.97629 -13 -1 1 0 1 -4.23163e-06 -0.000565908 0.0455673 0 0 0 
0.24075 -0.00376586 -2546.02 0.121574 -0.00322735 203 3.35233 -13 -1 1 0 1 -6.24093e-06 -0.000607441 0.050435 0 0 0 
0.305226 -0.0056509 -2446.02 0.140424 -0.00448224 203 3.72838 -13 -1 1 0 1 -9.00803e-06 -0.000652793 0.0559723 0 0 0 
0.379329 -0.00824454 -2346.02 0.160677 -0.00611959 203 4.10442 -13 -1 1 0 1 -1.27856e-05 -0.000702085 0.0622807 0 0 0 
0.463778 -0.0117599 -2246.02 0.18245 -0.00824399 203 4.48046 -13 -1 1 0 1 -1.79174e-05 -0.000755879 0.0695062 0 0 0 
0.559353 -0.0164685 -2146.02 0.205867 -0.0109898 203 4.8565 -13 -1 1 0 1 -2.48521e-05 -0.000814039 0.07779 0 0 0 
0.666893 -0.0227173 -2046.02 0.231052 -0.0145295 203 5.23254 -13 -1 1 0 1 -3.42115e-05 -0.000877281 0.0873496 0 0 0 
0.787301 -0.0309498 -1946.02 0.258128 -0.0190858 203 5.60858 -13 -1 1 0 1 -4.68035e-05 -0.000945102 0.098391 0 0 0 
0.921535 -0.0417348 -1846.02 0.287206 -0.0249467 203 5.98462 -13 -1 1 0 1 -6.37628e-05 -0.00101814 0.111237 0 0 0 
1.07061 -0.0558028 -1746.02 0.318372 -0.0324856 203 6.36067 -13 -1 1 0 1 -8.65556e-05 -0.00109504 0.126192 0 0 0 
1.23555 -0.0740947 -1646.02 0.351666 -0.042188 203 6.73671 -13 -1 1 0 1 -0.00011727 -0.00117591 0.143742 0 0 0 
1.41742 -0.0978252 -1546.02 0.387048 -0.054685 203 7.11275 -13 -1 1 0 1 -0.000158599 -0.00125775 0.164353 0 0 0 
1.6172 -0.128564 -1446.02 0.424351 -0.0707993 203 7.48879 -13 -1 1 0 1 -0.000214378 -0.00133876 0.188753 0 0 0 
1.83575 -0.168346 -1346.02 0.463189 -0.091598 202.999 7.86483 -13 -1 1 0 1 -0.000289572 -0.00141248 0.217684 0 0 0 
2.07368 -0.219803 -1246.02 0.502854 -0.118467 202.999 8.24087 -13 -1 1 0 1 -0.000391173 -0.00147219 0.252245 0 0 0 
2.33111 -0.286347 -1146.02 0.542095 -0.153178 202.999 8.61691 -13 -1 1 0 1 -0.000528173 -0.00150356 0.293621 0 0 0 
2.60737 -0.372373 -1046.02 0.578869 -0.197987 202.999 8.99296 -13 -1 1 0 1 -0.000712882 -0.00148797 0.34349 0 0 0 
2.90048 -0.483517 -946.023 0.609836 -0.255657 202.999 9.369 -13 -1 1 0 1 -0.000960636 -0.00139298 0.403738 0 0 0 
3.20639 -0.626902 -846.023 0.62974 -0.329468 202.999 9.74504 -13 -1 1 0 1 -0.00129093 -0.0011721 0.4769 0 0 0 
3.51777 -0.811342 -746.024 0.630336 -0.422921 202.999 10.1211 -13 -1 1 0 1 -0.0017254 -0.000751851 0.565874 0 0 0 
3.82221 -1.04732 -646.025 0.599031 -0.539109 202.998 10.4971 -13 -1 1 0 1 -0.00228593 -2.59558e-05 0.674374 0 0 0 
4.09966 -1.34641 -546.026 0.516973 -0.679041 202.998 10.8732 -13 -1 1 0 1 -0.00298525 0.00116189 0.806578 0 0 0 
4.31879 -1.71958 -446.027 0.356937 -0.838433 202.998 11.2492 -13 -1 1 0 1 -0.00381107 0.00302753 0.967207 0 0 0 
4.4325 -2.17316 -346.028 0.0819767 -1.00147 202.998 11.6252 -13 -1 1 0 1 -0.00469622 0.00585027 1.16105 0 0 0 
4.37327 -2.70089 -246.029 -0.353023 -1.13067 202.997 12.0013 -13 -1 1 0 1 -0.00547607 0.00994172 1.39197 0 0 0 
4.0512 -3.26981 -146.031 -0.9912 -1.15271 202.994 12.3773 -13 -1 1 0 1 -0.00584926 0.0155615 1.66177 0 0 0 
4.02327 -3.29121 -141.988 -1.02169 -1.14978 202.994 12.3925 -13 -1 1 0 1 -0.00583842 0.0158207 1.6735 0 0 0 
3.31531 -3.81624 -41.9918 -1.88693 -0.92954 202.989 12.7686 -13 -1 1 0 1 -0.00533886 0.0230368 1.98019 0 0 0 
2.88237 -3.98889 -0.0125966 -2.30398 -0.727236 202.986 12.9264 -13 -1 1 0 1 -0.00477632 0.0264332 2.11743 0 0 0 
2.88222 -3.98894 5.33427e-15 -2.30411 -0.727163 202.986 12.9265 -13 -1 1 0 1 -0.00477612 0.0264342 2.11747 0 0 0 
1.49203 -4.16213 99.99 -3.33771 0.117092 202.973 13.3025 -13 -1 1 0 1 -0.00252226 0.0348609 2.45412 0 0 0 
0.650586 -4.06486 147.83 -3.79156 0.730788 202.963 13.4825 -13 -1 1 0 1 -0.00107734 0.0387663 2.61438 0 0 0 
-1.39626 -3.30363 247.805 -4.42438 2.45114 202.937 13.8585 -13 -1 1 0 1 0.0020256 0.0458578 2.92805 0 0 0 
-3.58259 -1.586 347.766 -4.29709 4.54944 202.904 14.2345 -13 -1 1 0 1 0.00375153 0.0509519 3.18065 0 0 0 
-5.46683 1.15433 447.71 -3.19287 6.49584 202.871 14.6106 -13 -1 1 0 1 0.00255057 0.0546681 3.33486 0 0 0 
-6.60169 4.68343 547.641 -1.3333 7.65888 202.851 14.9866 -13 -1 1 0 1 -0.00150409 0.0586174 3.35962 0 0 0 
-6.72463 7.62883 624.5 0.213794 7.78943 202.85 15.2759 -13 -1 1 0 1 -0.00523993 0.062525 3.28249 0 0 0 
-6.72349 7.66721 625.5 0.232846 7.78673 202.85 15.2796 -13 -1 1 0 1 -0.0068937 0.0611688 3.28082 0 0 0 
-6.721 7.7439 627.499 0.271552 7.78012 202.851 15.2871 -13 -1 1 0 1 -0.00700762 0.0612724 3.27748 0 0 0 
-6.71814 7.82051 629.497 0.310052 7.77307 202.851 15.2947 -13 -1 1 0 1 -0.00712088 0.0613778 3.27414 0 0 0 
-6.71489 7.89706 631.496 0.348342 7.76559 202.851 15.3022 -13 -1 1 0 1 -0.00723345 0.0614849 3.2708 0 0 0 
-6.71127 7.97353 633.494 0.386416 7.75768 202.851 15.3097 -13 -1 1 0 1 -0.00734529 0.0615938 3.26746 0 0 0 
-6.70728 8.04992 635.493 0.424269 7.74933 202.852 15.3172 -13 -1 1 0 1 -0.00745639 0.0617045 3.26412 0 0 0 
-6.70291 8.12622 637.491 0.461896 7.74056 202.852 15.3247 -13 -1 1 0 1 -0.00756671 0.0618169 3.26078 0 0 0 
-6.69818 8.20244 639.49 0.499293 7.73137 202.852 15.3323 -13 -1 1 0 1 -0.00767622 0.0619311 3.25744 0 0 0 
-6.69308 8.27856 641.488 0.536453 7.72176 202.852 15.3398 -13 -1 1 0 1 -0.0077849 0.062047 3.2541 0 0 0 
-6.68761 8.35459 643.487 0.573373 7.71173 202.853 15.3473 -13 -1 1 0 1 -0.00789259 0.0621641 3.25073 0 0 0 
-6.68178 8.43052 645.485 0.610045 7.70129 202.853 15.3548 -13 -1 1 0 1 -0.00799685 0.0622719 3.24683 0 0 0 
-6.67559 8.50634 647.484 0.64646 7.69045 202.853 15.3624 -13 -1 1 0 1 -0.00810046 0.0623813 3.2429 0 0 0 
-6.66904 8.58205 649.482 0.682614 7.6792 202.854 15.3699 -13 -1 1 0 1 -0.00820326 0.0624925 3.23895 0 0 0 
-6.66214 8.65765 651.481 0.718502 7.66756 202.854 15.3774 -13 -1 1 0 1 -0.00830512 0.0626053 3.23499 0 0 0 
-6.65488 8.73314 653.48 0.754119 7.65552 202.854 15.3849 -13 -1 1 0 1 -0.00840599 0.0627198 3.23104 0 0 0 
-6.64728 8.8085 655.478 0.78946 7.64309 202.855 15.3924 -13 -1 1 0 1 -0.00850585 0.0628359 3.22709 0 0 0 
-6.63933 8.88374 657.477 0.824522 7.63028 202.855 15.4 -13 -1 1 0 1 -0.00860469 0.0629537 3.22314 0 0 0 
-6.63104 8.95885 659.475 0.8593 7.61709 202.855 15.4075 -13 -1 1 0 1 -0.00870248 0.0630731 3.21918 0 0 0 
-6.6224 9.03383 661.474 0.89379 7.60351 202.856 15.415 -13 -1 1 0 1 -0.00879919 0.0631941 3.21523 0 0 0 
-6.61342 9.10867 663.472 0.927987 7.58957 202.856 15.4225 -13 -1 1 0 1 -0.0088948 0.0633167 3.21128 0 0 0 
-6.60411 9.18337 665.471 0.961887 7.57525 202.856 15.43 -13 -1 1 0 1 -0.00898929 0.063441 3.20733 0 0 0 
-6.59447 9.25793 667.47 0.995485 7.56057 202.857 15.4376 -13 -1 1 0 1 -0.00907945 0.0635548 3.20284 0 0 0 
-6.5845 9.33235 669.468 1.02877 7.54554 202.857 15.4451 -13 -1 1 0 1 -0.00916864 0.0636701 3.19832 0 0 0 
-6.5742 9.40661 671.467 1.06175 7.53015 202.858 15.4526 -13 -1 1 0 1 -0.00925682 0.0637869 3.19378 0 0 0 
-6.56358 9.48073 673.465 1.0944 7.51442 202.858 15.4601 -13 -1 1 0 1 -0.0093438 0.0639052 3.18923 0 0 0 
-6.55264 9.55468 675.464 1.12673 7.49834 202.858 15.4676 -13 -1 1 0 1 -0.00942957 0.0640251 3.18468 0 0 0 
-6.54138 9.62847 677.463 1.15874 7.48192 202.859 15.4752 -13 -1 1 0 1 -0.0095141 0.0641464 3.18013 0 0 0 
-6.52981 9.70211 679.461 1.19042 7.46517 202.859 15.4827 -13 -1 1 0 1 -0.00959737 0.0642692 3.17559 0 0 0 
-6.51792 9.77557 681.46 1.22176 7.44809 202.86 15.4902 -13 -1 1 0 1 -0.00967936 0.0643935 3.17104 0 0 0 
-6.50573 9.84887 683.458 1.25277 7.43069 202.86 15.4977 -13 -1 1 0 1 -0.00976006 0.0645192 3.16649 0 0 0 
-6.49324 9.92199 685.457 1.28344 7.41296 202.861 15.5052 -13 -1 1 0 1 -0.00983945 0.0646464 3.16195 0 0 0 
-6.48045 9.99493 687.456 1.31376 7.39492 202.861 15.5128 -13 -1 1 0 1 -0.00991751 0.0647749 3.1574 0 0 0 
-6.46735 10.0677 689.454 1.34374 7.37658 202.861 15.5203 -13 -1 1 0 1 -0.00999082 0.0648933 3.15238 0 0 0 
-6.45397 10.1403 691.453 1.37336 7.35793 202.862 15.5278 -13 -1 1 0 1 -0.0100627 0.0650121 3.14729 0 0 0 
-6.44029 10.2127 693.452 1.40263 7.33899 202.862 15.5353 -13 -1 1 0 1 -0.0101334 0.0651322 3.14217 0 0 0 
-6.42633 10.2849 695.45 1.43153 7.31975 202.863 15.5429 -13 -1 1 0 1 -0.0102027 0.0652537 3.13705 0 0 0 
-6.41209 10.3569 697.449 1.46007 7.30023 202.863 15.5504 -13 -1 1 0 1 -0.0102707 0.0653765 3.13193 0 0 0 
-6.39756 10.4287 699.448 1.48825 7.28044 202.864 15.5579 -13 -1 1 0 1 -0.0103372 0.0655006 3.12681 0 0 0 
-6.38276 10.5004 701.446 1.51605 7.26036 202.864 15.5654 -13 -1 1 0 1 -0.0104023 0.0656259 3.12169 0 0 0 
-6.36769 10.5718 703.445 1.54349 7.24001 202.865 15.5729 -13 -1 1 0 1 -0.010466 0.0657525 3.11656 0 0 0 
-6.35235 10.643 705.444 1.57055 7.2194 202.866 15.5805 -13 -1 1 0 1 -0.0105282 0.0658804 3.11144 0 0 0 
-6.33675 10.7141 707.442 1.59723 7.19853 202.866 15.588 -13 -1 1 0 1 -0.010589 0.0660095 3.10632 0 0 0 
-6.32088 10.7849 709.441 1.62353 7.17741 202.867 15.5955 -13 -1 1 0 1 -0.0106482 0.0661398 3.1012 0 0 0 
-6.30476 10.8555 711.44 1.64945 7.15603 202.867 15.603 -13 -1 1 0 1 -0.0107026 0.0662601 3.09566 0 0 0 
-6.28838 10.9259 713.438 1.67499 7.13442 202.868 15.6105 -13 -1 1 0 1 -0.010755 0.0663797 3.09003 0 0 0 
-6.27175 10.9961 715.437 1.70013 7.11257 202.868 15.6181 -13 -1 1 0 1 -0.0108062 0.0665006 3.08436 0 0 0 
-6.25488 11.066 717.436 1.72489 7.09049 202.869 15.6256 -13 -1 1 0 1 -0.0108559 0.0666226 3.07869 0 0 0 
-6.23777 11.1358 719.434 1.74924 7.06819 202.869 15.6331 -13 -1 1 0 1 -0.0109041 0.0667456 3.07302 0 0 0 
-6.22041 11.2053 721.433 1.77321 7.04567 202.87 15.6406 -13 -1 1 0 1 -0.0109508 0.0668698 3.06735 0 0 0 
-6.20283 11.2746 723.432 1.79677 7.02294 202.871 15.6481 -13 -1 1 0 1 -0.010996 0.0669949 3.06168 0 0 0 
-6.18501 11.3437 725.431 1.81994 7 202.871 15.6557 -13 -1 1 0 1 -0.0110396 0.0671212 3.05601 0 0 0 
-6.16697 11.4125 727.429 1.8427 6.97686 202.872 15.6632 -13 -1 1 0 1 -0.0110817 0.0672484 3.05034 0 0 0 
-6.1487 11.4812 729.428 1.86506 6.95352 202.872 15.6707 -13 -1 1 0 1 -0.0111223 0.0673766 3.04467 0 0 0 
-6.13022 11.5495 731.427 1.88702 6.92999 202.873 15.6782 -13 -1 1 0 1 -0.0111613 0.0675058 3.039 0 0 0 
-6.11152 11.6177 733.426 1.90857 6.90627 202.874 15.6857 -13 -1 1 0 1 -0.0111954 0.0676253 3.03296 0 0 0 
-6.09261 11.6856 735.424 1.92971 6.88238 202.874 15.6933 -13 -1 1 0 1 -0.0112272 0.0677431 3.02681 0 0 0 
-6.0735 11.7533 737.423 1.95044 6.85831 202.875 15.7008 -13 -1 1 0 1 -0.0112577 0.0678619 3.02062 0 0 0 
-6.05418 11.8208 739.422 1.97076 6.83409 202.875 15.7083 -13 -1 1 0 1 -0.0112867 0.0679816 3.01443 0 0 0 
-6.03467 11.888 741.421 1.99066 6.8097 202.876 15.7158 -13 -1 1 0 1 -0.0113141 0.0681021 3.00823 0 0 0 
-6.01496 11.9549 743.419 2.01015 6.78515 202.877 15.7234 -13 -1 1 0 1 -0.01134 0.0682235 3.00204 0 0 0 
-5.99506 12.0217 745.418 2.02923 6.76046 202.877 15.7309 -13 -1 1 0 1 -0.0113644 0.0683457 2.99585 0 0 0 
-5.97498 12.0882 747.417 2.04788 6.73562 202.878 15.7384 -13 -1 1 0 1 -0.0113872 0.0684687 2.98965 0 0 0 
-5.95471 12.1544 749.416 2.06612 6.71065 202.879 15.7459 -13 -1 1 0 1 -0.0114085 0.0685924 2.98346 0 0 0 
-5.95385 12.1572 749.5 2.06688 6.70959 202.879 15.7462 -13 -1 1 0 1 -0.0114093 0.0685976 2.9832 0 0 0 
-5.9334 12.2232 751.499 2.08469 6.68448 202.879 15.7538 -13 -1 1 0 1 -0.011429 0.0687222 2.977 0 0 0 
-5.91277 12.2889 753.498 2.10208 6.65924 202.88 15.7613 -13 -1 1 0 1 -0.0114471 0.0688475 2.97081 0 0 0 
-5.89198 12.3544 755.496 2.11904 6.63387 202.881 15.7688 -13 -1 1 0 1 -0.0114603 0.068963 2.96429 0 0 0 
-5.87102 12.4196 757.495 2.13559 6.6084 202.881 15.7763 -13 -1 1 0 1 -0.011471 0.0690762 2.95765 0 0 0 
-5.8499 12.4846 759.494 2.15172 6.58282 202.882 15.7838 -13 -1 1 0 1 -0.0114805 0.0691902 2.95097 0 0 0 
-5.82862 12.5493 761.493 2.16742 6.55713 202.882 15.7914 -13 -1 1 0 1 -0.0114885 0.0693049 2.94428 0 0 0 
-5.80719 12.6138 763.492 2.1827 6.53135 202.883 15.7989 -13 -1 1 0 1 -0.011495 0.0694202 2.93759 0 0 0 
-5.78562 12.678 765.491 2.19756 6.50548 202.884 15.8064 -13 -1 1 0 1 -0.0115 0.0695361 2.93091 0 0 0 
-5.76389 12.742 767.489 2.212 6.47952 202.885 15.8139 -13 -1 1 0 1 -0.0115035 0.0696526 2.92422 0 0 0 
-5.74203 12.8057 769.488 2.22601 6.45349 202.885 15.8214 -13 -1 1 0 1 -0.0115055 0.0697696 2.91753 0 0 0 
-5.72003 12.8691 771.487 2.2396 6.42737 202.886 15.829 -13 -1 1 0 1 -0.0115061 0.0698873 2.91085 0 0 0 
-5.6979 12.9323 773.486 2.25277 6.40119 202.887 15.8365 -13 -1 1 0 1 -0.0115052 0.0700054 2.90416 0 0 0 
-5.67564 12.9953 775.485 2.26552 6.37494 202.887 15.844 -13 -1 1 0 1 -0.0115028 0.0701241 2.89747 0 0 0 
-5.65326 13.0579 777.484 2.27784 6.34863 202.888 15.8515 -13 -1 1 0 1 -0.0114957 0.0702335 2.89051 0 0 0 
-5.63076 13.1204 779.483 2.28974 6.32227 202.889 15.859 -13 -1 1 0 1 -0.011486 0.0703394 2.88342 0 0 0 
-5.60815 13.1825 781.482 2.30122 6.29586 202.889 15.8666 -13 -1 1 0 1 -0.0114752 0.0704461 2.87627 0 0 0 
-5.58542 13.2444 783.481 2.31228 6.26942 202.89 15.8741 -13 -1 1 0 1 -0.0114629 0.0705532 2.86912 0 0 0 
-5.56258 13.3061 785.48 2.32292 6.24294 202.891 15.8816 -13 -1 1 0 1 -0.0114493 0.0706608 2.86197 0 0 0 
-5.53965 13.3674 787.478 2.33314 6.21642 202.891 15.8891 -13 -1 1 0 1 -0.0114343 0.0707687 2.85482 0 0 0 
-5.51661 13.4286 789.477 2.34294 6.18989 202.892 15.8966 -13 -1 1 0 1 -0.011418 0.070877 2.84767 0 0 0 
-5.49348 13.4894 791.476 2.35232 6.16333 202.893 15.9042 -13 -1 1 0 1 -0.0114002 0.0709856 2.84053 0 0 0 
-5.47026 13.55 793.475 2.36128 6.13675 202.893 15.9117 -13 -1 1 0 1 -0.0113811 0.0710946 2.83338 0 0 0 
-5.44696 13.6103 795.474 2.36982 6.11017 202.894 15.9192 -13 -1 1 0 1 -0.0113607 0.0712039 2.82623 0 0 0 
-5.42357 13.6704 797.473 2.37795 6.08357 202.895 15.9267 -13 -1 1 0 1 -0.011339 0.0713135 2.81908 0 0 0 
-5.4001 13.7302 799.472 2.38566 6.05698 202.896 15.9343 -13 -1 1 0 1 -0.011313 0.0714146 2.8117 0 0 0 
-5.37656 13.7897 801.471 2.39296 6.03039 202.896 15.9418 -13 -1 1 0 1 -0.0112842 0.0715111 2.80419 0 0 0 
-5.35295 13.849 803.47 2.39984 6.00382 202.897 15.9493 -13 -1 1 0 1 -0.0112545 0.0716082 2.79661 0 0 0 
-5.32928 13.908 805.469 2.40632 5.97726 202.898 15.9568 -13 -1 1 0 1 -0.0112236 0.0717056 2.78904 0 0 0 
-5.30554 13.9668 807.468 2.41238 5.95072 202.898 15.9643 -13 -1 1 0 1 -0.0111914 0.0718032 2.78146 0 0 0 
-5.28174 14.0253 809.467 2.41803 5.92421 202.899 15.9719 -13 -1 1 0 1 -0.0111581 0.071901 2.77388 0 0 0 
-5.25789 14.0835 811.466 2.42327 5.89773 202.9 15.9794 -13 -1 1 0 1 -0.0111235 0.0719989 2.7663 0 0 0 
-5.23399 14.1415 813.465 2.42811 5.87128 202.901 15.9869 -13 -1 1 0 1 -0.0110878 0.0720971 2.75873 0 0 0 
-5.21005 14.1992 815.464 2.43254 5.84487 202.901 15.9944 -13 -1 1 0 1 -0.0110508 0.0721954 2.75115 0 0 0 
-5.18606 14.2567 817.463 2.43657 5.8185 202.902 16.0019 -13 -1 1 0 1 -0.0110128 0.0722938 2.74357 0 0 0 
-5.16204 14.3139 819.462 2.44019 5.79218 202.903 16.0095 -13 -1 1 0 1 -0.0109736 0.0723924 2.73599 0 0 0 
-5.13798 14.3708 821.461 2.44341 5.76591 202.903 16.017 -13 -1 1 0 1 -0.0109307 0.0724833 2.72823 0 0 0 
-5.1139 14.4275 823.46 2.44624 5.7397 202.904 16.0245 -13 -1 1 0 1 -0.010885 0.0725684 2.72033 0 0 0 
-5.08978 14.4839 825.459 2.44867 5.71356 202.905 16.032 -13 -1 1 0 1 -0.0108386 0.0726543 2.71236 0 0 0 
-5.06565 14.5401 827.458 2.4507 5.68748 202.906 16.0395 -13 -1 1 0 1 -0.0107912 0.0727402 2.70439 0 0 0 
-5.04149 14.596 829.458 2.45234 5.66147 202.906 16.0471 -13 -1 1 0 1 -0.0107427 0.0728261 2.69642 0 0 0 
-5.01733 14.6516 831.457 2.45359 5.63554 202.907 16.0546 -13 -1 1 0 1 -0.0106933 0.0729121 2.68844 0 0 0 
-4.99315 14.707 833.456 2.45445 5.60969 202.908 16.0621 -13 -1 1 0 1 -0.0106429 0.0729982 2.68047 0 0 0 
-4.96896 14.7622 835.455 2.45492 5.58392 202.908 16.0696 -13 -1 1 0 1 -0.0105916 0.0730842 2.6725 0 0 0 
-4.94478 14.8171 837.454 2.455 5.55824 202.909 16.0771 -13 -1 1 0 1 -0.0105393 0.0731703 2.66453 0 0 0 
-4.92059 14.8717 839.453 2.4547 5.53265 202.91 16.0847 -13 -1 1 0 1 -0.0104861 0.0732564 2.65655 0 0 0 
-4.89641 14.9261 841.452 2.45402 5.50715 202.91 16.0922 -13 -1 1 0 1 -0.0104321 0.0733424 2.64858 0 0 0 
-4.87224 14.9802 843.451 2.45295 5.48175 202.911 16.0997 -13 -1 1 0 1 -0.0103749 0.0734216 2.64047 0 0 0 
-4.84808 15.0341 845.45 2.45152 5.45646 202.912 16.1072 -13 -1 1 0 1 -0.010315 0.0734942 2.63221 0 0 0 
-4.82393 15.0877 847.449 2.4497 5.43127 202.913 16.1148 -13 -1 1 0 1 -0.0102546 0.0735675 2.62388 0 0 0 
-4.79981 15.1411 849.449 2.44752 5.40619 202.913 16.1223 -13 -1 1 0 1 -0.0101935 0.0736407 2.61555 0 0 0 
-4.77571 15.1942 851.448 2.44496 5.38124 202.914 16.1298 -13 -1 1 0 1 -0.0101316 0.0737139 2.60722 0 0 0 
-4.75163 15.2471 853.447 2.44204 5.3564 202.915 16.1373 -13 -1 1 0 1 -0.010069 0.073787 2.59888 0 0 0 
-4.72759 15.2998 855.446 2.43875 5.33168 202.915 16.1448 -13 -1 1 0 1 -0.0100057 0.0738599 2.59055 0 0 0 
-4.70358 15.3522 857.445 2.4351 5.30708 202.916 16.1524 -13 -1 1 0 1 -0.00994169 0.0739329 2.58222 0 0 0 
-4.67961 15.4044 859.444 2.43108 5.28262 202.917 16.1599 -13 -1 1 0 1 -0.00987704 0.0740057 2.57389 0 0 0 
-4.65568 15.4563 861.444 2.42671 5.25828 202.917 16.1674 -13 -1 1 0 1 -0.00981175 0.0740784 2.56555 0 0 0 
-4.63179 15.508 863.443 2.42198 5.23408 202.918 16.1749 -13 -1 1 0 1 -0.00974585 0.0741509 2.55722 0 0 0 
-4.60796 15.5594 865.442 2.41689 5.21001 202.919 16.1824 -13 -1 1 0 1 -0.00967757 0.0742176 2.54878 0 0 0 
-4.58417 15.6106 867.441 2.41146 5.18609 202.919 16.19 -13 -1 1 0 1 -0.00960655 0.0742769 2.54021 0 0 0 
-4.56044 15.6616 869.44 2.40568 5.16231 202.92 16.1975 -13 -1 1 0 1 -0.0095354 0.0743369 2.53155 0 0 0 
-4.53677 15.7124 871.44 2.39955 5.13869 202.921 16.205 -13 -1 1 0 1 -0.00946379 0.0743968 2.52289 0 0 0 
-4.51316 15.7629 873.439 2.39308 5.11521 202.921 16.2125 -13 -1 1 0 1 -0.00939173 0.0744565 2.51424 0 0 0 
-4.51244 15.7644 873.5 2.39288 5.11449 202.921 16.2128 -13 -1 1 0 1 -0.00938952 0.0744584 2.51397 0 0 0 
-4.50066 15.7896 874.5 2.38954 5.10271 202.922 16.2165 -13 -1 1 0 1 -0.00971038 0.0743863 2.50964 0 0 0 
-4.4889 15.8146 875.5 2.38614 5.09088 202.922 16.2203 -13 -1 1 0 1 -0.0130137 0.0734685 2.50531 0 0 0 
-4.46543 15.8647 877.499 2.3796 5.06548 202.923 16.2278 -13 -1 1 0 1 -0.0130165 0.0735154 2.49665 0 0 0 
-4.44202 15.9145 879.498 2.37272 5.04018 202.924 16.2353 -13 -1 1 0 1 -0.0130183 0.0735625 2.48799 0 0 0 
-4.41868 15.964 881.498 2.3655 5.015 202.924 16.2428 -13 -1 1 0 1 -0.0130192 0.0736097 2.47933 0 0 0 
-4.39541 16.0133 883.497 2.35793 4.98993 202.925 16.2504 -13 -1 1 0 1 -0.0130191 0.0736572 2.47067 0 0 0 
-4.37222 16.0623 885.496 2.35003 4.96498 202.926 16.2579 -13 -1 1 0 1 -0.0130181 0.0737048 2.46201 0 0 0 
-4.3491 16.1111 887.496 2.34179 4.94015 202.926 16.2654 -13 -1 1 0 1 -0.0130146 0.0737474 2.45327 0 0 0 
-4.32607 16.1597 889.495 2.33322 4.91545 202.927 16.2729 -13 -1 1 0 1 -0.0130079 0.0737829 2.44441 0 0 0 
-4.30313 16.208 891.494 2.32432 4.89087 202.928 16.2804 -13 -1 1 0 1 -0.0130007 0.0738195 2.43547 0 0 0 
-4.28027 16.256 893.493 2.3151 4.86642 202.928 16.288 -13 -1 1 0 1 -0.0129927 0.0738563 2.42652 0 0 0 
-4.25751 16.3039 895.493 2.30554 4.84211 202.929 16.2955 -13 -1 1 0 1 -0.0129837 0.0738933 2.41757 0 0 0 
-4.23485 16.3514 897.492 2.29567 4.81793 202.93 16.303 -13 -1 1 0 1 -0.0129738 0.0739304 2.40862 0 0 0 
-4.21228 16.3988 899.491 2.28547 4.79389 202.931 16.3105 -13 -1 1 0 1 -0.0129629 0.0739676 2.39967 0 0 0 
-4.18981 16.4459 901.491 2.27496 4.77 202.931 16.318 -13 -1 1 0 1 -0.0129512 0.0740049 2.39072 0 0 0 
-4.16745 16.4928 903.49 2.26412 4.74624 202.932 16.3256 -13 -1 1 0 1 -0.0129385 0.0740424 2.38177 0 0 0 
-4.1452 16.5394 905.489 2.25298 4.72263 202.933 16.3331 -13 -1 1 0 1 -0.0129249 0.07408 2.37282 0 0 0 
-4.12306 16.5858 907.489 2.24151 4.69917 202.933 16.3406 -13 -1 1 0 1 -0.0129104 0.0741177 2.36387 0 0 0 
-4.10103 16.632 909.488 2.22974 4.67586 202.934 16.3481 -13 -1 1 0 1 -0.0128938 0.0741513 2.35486 0 0 0 
-4.07913 16.678 911.487 2.21767 4.6527 202.935 16.3557 -13 -1 1 0 1 -0.0128741 0.0741774 2.34574 0 0 0 
-4.05734 16.7237 913.487 2.20529 4.62969 202.935 16.3632 -13 -1 1 0 1 -0.0128538 0.0742045 2.33655 0 0 0 
-4.03567 16.7692 915.486 2.19262 4.60685 202.936 16.3707 -13 -1 1 0 1 -0.0128327 0.0742318 2.32734 0 0 0 
-4.01413 16.8145 917.485 2.17964 4.58417 202.937 16.3782 -13 -1 1 0 1 -0.0128108 0.0742593 2.31814 0 0 0 
-3.99272 16.8595 919.485 2.16637 4.56164 202.937 16.3857 -13 -1 1 0 1 -0.012788 0.0742868 2.30893 0 0 0 
-3.97145 16.9044 921.484 2.15281 4.53929 202.938 16.3933 -13 -1 1 0 1 -0.0127643 0.0743144 2.29972 0 0 0 
-3.95031 16.949 923.484 2.13895 4.5171 202.938 16.4008 -13 -1 1 0 1 -0.0127398 0.0743421 2.29051 0 0 0 
-3.9293 16.9934 925.483 2.1248 4.49507 202.939 16.4083 -13 -1 1 0 1 -0.0127144 0.0743698 2.2813 0 0 0 
-3.90844 17.0375 927.482 2.11037 4.47322 202.94 16.4158 -13 -1 1 0 1 -0.0126882 0.0743976 2.27209 0 0 0 
-3.88772 17.0815 929.482 2.09565 4.45154 202.94 16.4233 -13 -1 1 0 1 -0.0126612 0.0744254 2.26288 0 0 0 
-3.86715 17.1253 931.481 2.08066 4.43003 202.941 16.4309 -13 -1 1 0 1 -0.0126324 0.0744501 2.25364 0 0 0 
-3.84672 17.1688 933.481 2.06538 4.4087 202.942 16.4384 -13 -1 1 0 1 -0.0126005 0.0744669 2.2443 0 0 0 
-3.82645 17.2121 935.48 2.04983 4.38754 202.942 16.4459 -13 -1 1 0 1 -0.0125682 0.0744848 2.23489 0 0 0 
-3.80633 17.2553 937.479 2.03401 4.36657 202.943 16.4534 -13 -1 1 0 1 -0.0125351 0.074503 2.22546 0 0 0 
-3.78637 17.2982 939.479 2.01792 4.34578 202.943 16.4609 -13 -1 1 0 1 -0.0125013 0.0745212 2.21602 0 0 0 
-3.76657 17.3409 941.478 2.00156 4.32517 202.944 16.4685 -13 -1 1 0 1 -0.0124667 0.0745395 2.20659 0 0 0 
-3.74693 17.3834 943.478 1.98494 4.30474 202.945 16.476 -13 -1 1 0 1 -0.0124313 0.0745578 2.19715 0 0 0 
-3.72746 17.4257 945.477 1.96805 4.2845 202.945 16.4835 -13 -1 1 0 1 -0.0123952 0.0745761 2.18772 0 0 0 
-3.70815 17.4678 947.477 1.9509 4.26445 202.946 16.491 -13 -1 1 0 1 -0.0123583 0.0745945 2.17828 0 0 0 
-3.68902 17.5097 949.476 1.9335 4.24458 202.946 16.4985 -13 -1 1 0 1 -0.0123206 0.0746129 2.16885 0 0 0 
-3.67006 17.5515 951.476 1.91584 4.22491 202.947 16.5061 -13 -1 1 0 1 -0.0122823 0.0746313 2.15942 0 0 0 
-3.65127 17.593 953.475 1.89792 4.20542 202.948 16.5136 -13 -1 1 0 1 -0.0122425 0.0746474 2.14996 0 0 0 
-3.63266 17.6343 955.475 1.87976 4.18613 202.948 16.5211 -13 -1 1 0 1 -0.0121998 0.0746556 2.14043 0 0 0 
-3.61423 17.6755 957.474 1.86135 4.16703 202.949 16.5286 -13 -1 1 0 1 -0.0121567 0.0746647 2.13084 0 0 0 
-3.59598 17.7164 959.474 1.8427 4.14812 202.949 16.5362 -13 -1 1 0 1 -0.0121131 0.0746744 2.12121 0 0 0 
-3.57792 17.7572 961.473 1.8238 4.12941 202.95 16.5437 -13 -1 1 0 1 -0.0120687 0.074684 2.11158 0 0 0 
-3.56005 17.7978 963.473 1.80467 4.1109 202.95 16.5512 -13 -1 1 0 1 -0.0120237 0.0746937 2.10195 0 0 0 
-3.54236 17.8382 965.472 1.7853 4.09259 202.951 16.5587 -13 -1 1 0 1 -0.0119781 0.0747033 2.09232 0 0 0 
-3.52487 17.8784 967.472 1.76569 4.07448 202.951 16.5662 -13 -1 1 0 1 -0.0119317 0.074713 2.08269 0 0 0 
-3.50757 17.9185 969.471 1.74586 4.05656 202.952 16.5738 -13 -1 1 0 1 -0.0118848 0.0747227 2.07306 0 0 0 
-3.49047 17.9584 971.471 1.72579 4.03885 202.952 16.5813 -13 -1 1 0 1 -0.0118372 0.0747324 2.06343 0 0 0 
-3.47357 17.9981 973.47 1.70549 4.02134 202.953 16.5888 -13 -1 1 0 1 -0.011789 0.0747421 2.0538 0 0 0 
-3.45686 18.0376 975.47 1.68497 4.00402 202.954 16.5963 -13 -1 1 0 1 -0.0117398 0.0747503 2.04416 0 0 0 
-3.44037 18.077 977.469 1.66422 3.98692 202.954 16.6038 -13 -1 1 0 1 -0.0116879 0.0747507 2.03447 0 0 0 
-3.42407 18.1162 979.469 1.64326 3.97001 202.955 16.6114 -13 -1 1 0 1 -0.0116356 0.0747521 2.02471 0 0 0 
-3.40799 18.1552 981.468 1.62209 3.95331 202.955 16.6189 -13 -1 1 0 1 -0.0115829 0.0747541 2.01492 0 0 0 
-3.39211 18.1941 983.468 1.6007 3.93682 202.956 16.6264 -13 -1 1 0 1 -0.0115297 0.074756 2.00512 0 0 0 
-3.37645 18.2328 985.468 1.57909 3.92053 202.956 16.6339 -13 -1 1 0 1 -0.0114759 0.0747581 1.99533 0 0 0 
-3.361 18.2713 987.467 1.55728 3.90445 202.956 16.6414 -13 -1 1 0 1 -0.0114217 0.0747601 1.98553 0 0 0 
-3.34576 18.3097 989.467 1.53526 3.88857 202.957 16.649 -13 -1 1 0 1 -0.0113669 0.0747621 1.97573 0 0 0 
-3.33075 18.348 991.466 1.51303 3.8729 202.957 16.6565 -13 -1 1 0 1 -0.0113116 0.0747641 1.96594 0 0 0 
-3.31595 18.386 993.466 1.4906 3.85744 202.958 16.664 -13 -1 1 0 1 -0.0112559 0.0747662 1.95614 0 0 0 
-3.30138 18.424 995.465 1.46797 3.84218 202.958 16.6715 -13 -1 1 0 1 -0.0111996 0.0747683 1.94635 0 0 0 
-3.28703 18.4617 997.465 1.44514 3.82713 202.959 16.679 -13 -1 1 0 1 -0.0111427 0.0747695 1.93655 0 0 0 
-3.2729 18.4994 999.465 1.42211 3.81229 202.959 16.6866 -13 -1 1 0 1 -0.0110834 0.0747633 1.92672 0 0 0 
-3.27265 18.5 999.5 1.4217 3.81203 202.959 16.6867 -13 -1 1 0 1 -0.0110823 0.0747631 1.92655 0 0 0 
-3.25876 18.5375 1001.5 1.39848 3.7974 202.96 16.6942 -13 -1 1 0 1 -0.0110227 0.0747579 1.91666 0 0 0 
-3.2451 18.5749 1003.5 1.37507 3.78298 202.96 16.7017 -13 -1 1 0 1 -0.0109629 0.0747534 1.90673 0 0 0 
-3.23167 18.6121 1005.5 1.35146 3.76877 202.961 16.7093 -13 -1 1 0 1 -0.0109026 0.0747489 1.89679 0 0 0 
-3.21847 18.6491 1007.5 1.32768 3.75477 202.961 16.7168 -13 -1 1 0 1 -0.010842 0.0747445 1.88686 0 0 0 
-3.20551 18.6861 1009.5 1.3037 3.74097 202.961 16.7243 -13 -1 1 0 1 -0.010781 0.0747401 1.87692 0 0 0 
-3.19278 18.7228 1011.5 1.27954 3.72739 202.962 16.7318 -13 -1 1 0 1 -0.0107197 0.0747357 1.86699 0 0 0 
-3.1803 18.7595 1013.5 1.25521 3.71401 202.962 16.7393 -13 -1 1 0 1 -0.0106581 0.0747314 1.85705 0 0 0 
-3.16805 18.796 1015.5 1.23069 3.70084 202.963 16.7469 -13 -1 1 0 1 -0.0105961 0.0747271 1.84712 0 0 0 
-3.15605 18.8324 1017.5 1.20599 3.68787 202.963 16.7544 -13 -1 1 0 1 -0.0105338 0.0747228 1.83718 0 0 0 
-3.14429 18.8687 1019.5 1.18112 3.67512 202.963 16.7619 -13 -1 1 0 1 -0.0104712 0.0747182 1.82725 0 0 0 
-3.13277 18.9048 1021.5 1.15608 3.66257 202.964 16.7694 -13 -1 1 0 1 -0.0104064 0.0747067 1.81731 0 0 0 
-3.12151 18.9409 1023.5 1.13087 3.65023 202.964 16.7769 -13 -1 1 0 1 -0.0103415 0.0746961 1.80732 0 0 0 
-3.11049 18.9768 1025.5 1.1055 3.6381 202.964 16.7845 -13 -1 1 0 1 -0.0102765 0.0746866 1.79727 0 0 0 
-3.09972 19.0126 1027.49 1.07995 3.62617 202.965 16.792 -13 -1 1 0 1 -0.0102113 0.0746771 1.78722 0 0 0 
-3.08921 19.0482 1029.49 1.05425 3.61445 202.965 16.7995 -13 -1 1 0 1 -0.010146 0.0746677 1.77717 0 0 0 
-3.07895 19.0838 1031.49 1.02837 3.60294 202.965 16.807 -13 -1 1 0 1 -0.0100804 0.0746584 1.76712 0 0 0 
-3.06895 19.1192 1033.49 1.00234 3.59163 202.966 16.8146 -13 -1 1 0 1 -0.0100147 0.0746491 1.75707 0 0 0 
-3.0592 19.1545 1035.49 0.976153 3.58053 202.966 16.8221 -13 -1 1 0 1 -0.00994883 0.0746399 1.74702 0 0 0 
-3.04971 19.1898 1037.49 0.949804 3.56963 202.966 16.8296 -13 -1 1 0 1 -0.00988283 0.0746308 1.73697 0 0 0 
-3.04049 19.2249 1039.49 0.9233 3.55893 202.967 16.8371 -13 -1 1 0 1 -0.00981671 0.0746218 1.72692 0 0 0 
-3.03152 19.2599 1041.49 0.896641 3.54844 202.967 16.8446 -13 -1 1 0 1 -0.0097505 0.0746129 1.71687 0 0 0 
-3.02282 19.2948 1043.49 0.869832 3.53815 202.967 16.8522 -13 -1 1 0 1 -0.00968243 0.0745977 1.70685 0 0 0 
-3.01438 19.3296 1045.49 0.842875 3.52806 202.968 16.8597 -13 -1 1 0 1 -0.00961444 0.0745834 1.69678 0 0 0 
-3.00621 19.3643 1047.49 0.815771 3.51817 202.968 16.8672 -13 -1 1 0 1 -0.00954659 0.0745704 1.68664 0 0 0 
-2.99831 19.3989 1049.49 0.78852 3.50849 202.968 16.8747 -13 -1 1 0 1 -0.00947872 0.0745576 1.67649 0 0 0 
-2.99067 19.4335 1051.49 0.761124 3.499 202.968 16.8822 -13 -1 1 0 1 -0.00941085 0.0745448 1.66635 0 0 0 
-2.98331 19.4679 1053.49 0.733585 3.48971 202.969 16.8898 -13 -1 1 0 1 -0.00934298 0.0745322 1.65621 0 0 0 
-2.97622 19.5022 1055.49 0.705904 3.48062 202.969 16.8973 -13 -1 1 0 1 -0.00927514 0.0745197 1.64607 0 0 0 
-2.9694 19.5365 1057.49 0.678082 3.47173 202.969 16.9048 -13 -1 1 0 1 -0.00920735 0.0745073 1.63592 0 0 0 
-2.96286 19.5706 1059.49 0.650121 3.46303 202.969 16.9123 -13 -1 1 0 1 -0.00913961 0.0744951 1.62578 0 0 0 
-2.95659 19.6047 1061.49 0.622022 3.45452 202.97 16.9198 -13 -1 1 0 1 -0.00907196 0.074483 1.61564 0 0 0 
-2.9506 19.6387 1063.49 0.593787 3.44621 202.97 16.9274 -13 -1 1 0 1 -0.00900441 0.074471 1.6055 0 0 0 
-2.94489 19.6726 1065.49 0.565418 3.4381 202.97 16.9349 -13 -1 1 0 1 -0.00893551 0.0744542 1.59541 0 0 0 
-2.93946 19.7064 1067.49 0.536919 3.43017 202.97 16.9424 -13 -1 1 0 1 -0.00886676 0.0744379 1.58527 0 0 0 
-2.93431 19.7402 1069.49 0.508289 3.42244 202.971 16.9499 -13 -1 1 0 1 -0.00879838 0.0744232 1.57506 0 0 0 
-2.92945 19.7739 1071.49 0.47953 3.41489 202.971 16.9574 -13 -1 1 0 1 -0.00873017 0.0744087 1.56484 0 0 0 
-2.92487 19.8075 1073.49 0.450641 3.40754 202.971 16.965 -13 -1 1 0 1 -0.00866216 0.0743944 1.55463 0 0 0 
-2.92057 19.841 1075.49 0.421625 3.40037 202.971 16.9725 -13 -1 1 0 1 -0.00859436 0.0743802 1.54441 0 0 0 
-2.91656 19.8745 1077.49 0.392482 3.39338 202.971 16.98 -13 -1 1 0 1 -0.00852679 0.0743663 1.5342 0 0 0 
-2.91284 19.9079 1079.49 0.363214 3.38659 202.971 16.9875 -13 -1 1 0 1 -0.00845948 0.0743525 1.52399 0 0 0 
-2.9094 19.9412 1081.49 0.333821 3.37997 202.972 16.9951 -13 -1 1 0 1 -0.00839243 0.0743389 1.51377 0 0 0 
-2.90626 19.9745 1083.49 0.304306 3.37354 202.972 17.0026 -13 -1 1 0 1 -0.00832567 0.0743256 1.50356 0 0 0 
-2.90341 20.0077 1085.49 0.274668 3.36729 202.972 17.0101 -13 -1 1 0 1 -0.00825923 0.0743124 1.49334 0 0 0 
-2.90085 20.0408 1087.49 0.244911 3.36121 202.972 17.0176 -13 -1 1 0 1 -0.00819189 0.0742956 1.48319 0 0 0 
-2.89858 20.0739 1089.49 0.215037 3.35532 202.972 17.0251 -13 -1 1 0 1 -0.00812482 0.0742791 1.47302 0 0 0 
-2.89661 20.107 1091.49 0.185046 3.3496 202.972 17.0327 -13 -1 1 0 1 -0.00805834 0.0742645 1.46275 0 0 0 
-2.89493 20.1399 1093.48 0.154937 3.34406 202.972 17.0402 -13 -1 1 0 1 -0.00799226 0.0742502 1.45248 0 0 0 
-2.89356 20.1729 1095.48 0.124712 3.33869 202.973 17.0477 -13 -1 1 0 1 -0.00792658 0.0742361 1.44221 0 0 0 
-2.89248 20.2057 1097.48 0.0943719 3.33349 202.973 17.0552 -13 -1 1 0 1 -0.00786132 0.0742223 1.43194 0 0 0 
-2.8917 20.2385 1099.48 0.0639169 3.32846 202.973 17.0627 -13 -1 1 0 1 -0.00779651 0.0742087 1.42167 0 0 0 
-2.89122 20.2713 1101.48 0.0333482 3.3236 202.973 17.0703 -13 -1 1 0 1 -0.00773216 0.0741953 1.4114 0 0 0 
-2.89104 20.304 1103.48 0.00266677 3.31891 202.973 17.0778 -13 -1 1 0 1 -0.00766829 0.0741823 1.40113 0 0 0 
-2.89117 20.3367 1105.48 -0.0281267 3.31439 202.973 17.0853 -13 -1 1 0 1 -0.00760493 0.0741695 1.39086 0 0 0 
-2.8916 20.3693 1107.48 -0.0590314 3.31002 202.973 17.0928 -13 -1 1 0 1 -0.00754209 0.0741569 1.38059 0 0 0 
-2.89233 20.4019 1109.48 -0.0900455 3.30582 202.973 17.1003 -13 -1 1 0 1 -0.00747881 0.0741419 1.3704 0 0 0 
-2.89337 20.4345 1111.48 -0.121166 3.30179 202.973 17.1079 -13 -1 1 0 1 -0.00741591 0.074127 1.3602 0 0 0 
-2.89472 20.467 1113.48 -0.152395 3.29791 202.973 17.1154 -13 -1 1 0 1 -0.00735386 0.0741143 1.34989 0 0 0 
-2.89637 20.4995 1115.48 -0.183732 3.29418 202.973 17.1229 -13 -1 1 0 1 -0.0072924 0.074102 1.33958 0 0 0 
-2.89834 20.5319 1117.48 -0.215177 3.29062 202.973 17.1304 -13 -1 1 0 1 -0.00723157 0.0740899 1.32927 0 0 0 
-2.90061 20.5643 1119.48 -0.246728 3.2872 202.973 17.1379 -13 -1 1 0 1 -0.00717138 0.0740782 1.31896 0 0 0 
-2.9032 20.5967 1121.48 -0.278385 3.28394 202.973 17.1455 -13 -1 1 0 1 -0.00711185 0.0740668 1.30865 0 0 0 
-2.9061 20.629 1123.48 -0.310148 3.28083 202.973 17.153 -13 -1 1 0 1 -0.00705301 0.0740557 1.29834 0 0 0 
-2.90613 20.6293 1123.5 -0.310454 3.2808 202.973 17.1531 -13 -1 1 0 1 -0.00705245 0.0740556 1.29824 0 0 0 
-2.90774 20.6455 1124.5 -0.32636 3.27917 202.973 17.1568 -13 -1 1 0 1 -0.0074884 0.0739847 1.29309 0 0 0 
-2.90942 20.6616 1125.5 -0.342275 3.27746 202.973 17.1606 -13 -1 1 0 1 -0.0118183 0.0733656 1.28793 0 0 0 
-2.91295 20.6939 1127.5 -0.373845 3.27172 202.973 17.1681 -13 -1 1 0 1 -0.0118518 0.0733425 1.27762 0 0 0 
-2.91679 20.7261 1129.5 -0.405521 3.26607 202.973 17.1756 -13 -1 1 0 1 -0.0118852 0.0733198 1.26731 0 0 0 
-2.92094 20.7582 1131.5 -0.437304 3.26051 202.973 17.1831 -13 -1 1 0 1 -0.0119175 0.0732955 1.25709 0 0 0 
-2.92541 20.7903 1133.5 -0.469191 3.25503 202.973 17.1907 -13 -1 1 0 1 -0.0119495 0.0732712 1.24687 0 0 0 
-2.93019 20.8224 1135.5 -0.501183 3.24964 202.973 17.1982 -13 -1 1 0 1 -0.0119815 0.0732496 1.23654 0 0 0 
-2.93528 20.8544 1137.5 -0.533281 3.24432 202.973 17.2057 -13 -1 1 0 1 -0.0120133 0.0732283 1.2262 0 0 0 
-2.9407 20.8863 1139.5 -0.565485 3.23909 202.973 17.2132 -13 -1 1 0 1 -0.0120449 0.0732073 1.21586 0 0 0 
-2.94643 20.9182 1141.5 -0.597793 3.23394 202.973 17.2208 -13 -1 1 0 1 -0.0120763 0.0731867 1.20553 0 0 0 
-2.95248 20.95 1143.5 -0.630206 3.22887 202.973 17.2283 -13 -1 1 0 1 -0.0121075 0.0731665 1.19519 0 0 0 
-2.95884 20.9818 1145.5 -0.662724 3.22388 202.973 17.2358 -13 -1 1 0 1 -0.0121384 0.0731466 1.18485 0 0 0 
-2.96553 21.0136 1147.5 -0.695345 3.21896 202.973 17.2433 -13 -1 1 0 1 -0.0121692 0.073127 1.17452 0 0 0 
-2.97255 21.0452 1149.5 -0.72807 3.21411 202.973 17.2508 -13 -1 1 0 1 -0.0121997 0.0731078 1.16418 0 0 0 
-2.97988 21.0769 1151.5 -0.760898 3.20933 202.973 17.2584 -13 -1 1 0 1 -0.01223 0.073089 1.15385 0 0 0 
-2.98754 21.1085 1153.5 -0.793829 3.20463 202.973 17.2659 -13 -1 1 0 1 -0.0122594 0.0730693 1.1436 0 0 0 
-2.99552 21.14 1155.5 -0.82686 3.2 202.973 17.2734 -13 -1 1 0 1 -0.0122883 0.0730497 1.13338 0 0 0 
-3.00383 21.1715 1157.5 -0.859993 3.19543 202.973 17.2809 -13 -1 1 0 1 -0.0123173 0.0730331 1.12302 0 0 0 
-3.01247 21.203 1159.5 -0.893229 3.19093 202.973 17.2884 -13 -1 1 0 1 -0.012346 0.0730168 1.11267 0 0 0 
-3.02143 21.2344 1161.5 -0.926568 3.1865 202.973 17.296 -13 -1 1 0 1 -0.0123745 0.0730009 1.10232 0 0 0 
-3.03073 21.2658 1163.49 -0.960008 3.18213 202.973 17.3035 -13 -1 1 0 1 -0.0124028 0.0729854 1.09197 0 0 0 
-3.04035 21.2971 1165.49 -0.993551 3.17782 202.973 17.311 -13 -1 1 0 1 -0.0124308 0.0729703 1.08161 0 0 0 
-3.05031 21.3284 1167.49 -1.0272 3.17357 202.973 17.3185 -13 -1 1 0 1 -0.0124586 0.0729557 1.07126 0 0 0 
-3.06059 21.3596 1169.49 -1.06094 3.16938 202.972 17.326 -13 -1 1 0 1 -0.0124861 0.0729414 1.06091 0 0 0 
-3.07121 21.3909 1171.49 -1.09479 3.16525 202.972 17.3336 -13 -1 1 0 1 -0.0125134 0.0729275 1.05055 0 0 0 
-3.08216 21.422 1173.49 -1.12874 3.16117 202.972 17.3411 -13 -1 1 0 1 -0.0125404 0.072914 1.0402 0 0 0 
-3.09345 21.4531 1175.49 -1.16279 3.15715 202.972 17.3486 -13 -1 1 0 1 -0.0125667 0.0729003 1.02994 0 0 0 
-3.10508 21.4842 1177.49 -1.19694 3.15318 202.972 17.3561 -13 -1 1 0 1 -0.0125924 0.0728867 1.01972 0 0 0 
-3.11704 21.5153 1179.49 -1.23119 3.14926 202.972 17.3636 -13 -1 1 0 1 -0.0126182 0.0728765 1.00936 0 0 0 
-3.12934 21.5463 1181.49 -1.26554 3.14539 202.972 17.3712 -13 -1 1 0 1 -0.0126438 0.0728667 0.998999 0 0 0 
-3.14197 21.5773 1183.49 -1.29999 3.14157 202.972 17.3787 -13 -1 1 0 1 -0.0126691 0.0728573 0.988637 0 0 0 
-3.15495 21.6082 1185.49 -1.33455 3.13779 202.971 17.3862 -13 -1 1 0 1 -0.0126942 0.0728483 0.978276 0 0 0 
-3.16827 21.6391 1187.49 -1.36921 3.13406 202.971 17.3937 -13 -1 1 0 1 -0.0127191 0.0728398 0.967914 0 0 0 
-3.18193 21.6699 1189.49 -1.40397 3.13037 202.971 17.4013 -13 -1 1 0 1 -0.0127437 0.0728318 0.957552 0 0 0 
-3.19594 21.7008 1191.49 -1.43883 3.12672 202.971 17.4088 -13 -1 1 0 1 -0.012768 0.0728242 0.947191 0 0 0 
-3.21028 21.7316 1193.49 -1.47379 3.12311 202.971 17.4163 -13 -1 1 0 1 -0.0127922 0.072817 0.936829 0 0 0 
-3.22498 21.7623 1195.49 -1.50885 3.11954 202.97 17.4238 -13 -1 1 0 1 -0.0128161 0.0728103 0.926468 0 0 0 
-3.24002 21.793 1197.49 -1.54401 3.116 202.97 17.4313 -13 -1 1 0 1 -0.0128394 0.0728039 0.916193 0 0 0 
-3.2554 21.8237 1199.49 -1.57928 3.1125 202.97 17.4389 -13 -1 1 0 1 -0.0128621 0.0727979 0.905984 0 0 0 
-3.27113 21.8543 1201.49 -1.61464 3.10903 202.97 17.4464 -13 -1 1 0 1 -0.012885 0.0727952 0.895628 0 0 0 
-3.28722 21.885 1203.49 -1.65011 3.10559 202.97 17.4539 -13 -1 1 0 1 -0.0129076 0.0727932 0.885265 0 0 0 
-3.30365 21.9155 1205.49 -1.68568 3.10218 202.969 17.4614 -13 -1 1 0 1 -0.0129301 0.0727917 0.874901 0 0 0 
-3.32043 21.9461 1207.49 -1.72135 3.0988 202.969 17.4689 -13 -1 1 0 1 -0.0129523 0.0727907 0.864537 0 0 0 
-3.33757 21.9766 1209.49 -1.75713 3.09544 202.969 17.4765 -13 -1 1 0 1 -0.0129743 0.0727901 0.854174 0 0 0 
-3.35506 22.0071 1211.49 -1.79301 3.09211 202.969 17.484 -13 -1 1 0 1 -0.0129961 0.0727901 0.84381 0 0 0 
-3.3729 22.0375 1213.49 -1.82899 3.0888 202.968 17.4915 -13 -1 1 0 1 -0.0130178 0.0727905 0.833446 0 0 0 
-3.3911 22.0679 1215.49 -1.86507 3.08551 202.968 17.499 -13 -1 1 0 1 -0.0130392 0.0727915 0.823083 0 0 0 
-3.40965 22.0983 1217.49 -1.90126 3.08223 202.968 17.5065 -13 -1 1 0 1 -0.0130605 0.0727929 0.812719 0 0 0 
-3.42856 22.1287 1219.49 -1.93755 3.07897 202.967 17.5141 -13 -1 1 0 1 -0.0130813 0.0727951 0.802437 0 0 0 
-3.44783 22.159 1221.49 -1.97395 3.07573 202.967 17.5216 -13 -1 1 0 1 -0.0131015 0.0727979 0.792235 0 0 0 
-3.46746 22.1893 1223.49 -2.01044 3.0725 202.967 17.5291 -13 -1 1 0 1 -0.013122 0.0728041 0.781893 0 0 0 
-3.48744 22.2195 1225.49 -2.04705 3.06928 202.966 17.5366 -13 -1 1 0 1 -0.0131423 0.0728112 0.771531 0 0 0 
-3.50779 22.2498 1227.49 -2.08375 3.06607 202.966 17.5441 -13 -1 1 0 1 -0.0131625 0.0728188 0.76117 0 0 0 
-3.5285 22.28 1229.49 -2.12057 3.06287 202.966 17.5517 -13 -1 1 0 1 -0.0131825 0.072827 0.750809 0 0 0 
-3.54958 22.3101 1231.48 -2.15749 3.05967 202.965 17.5592 -13 -1 1 0 1 -0.0132024 0.0728357 0.740447 0 0 0 
-3.57101 22.3402 1233.48 -2.19451 3.05648 202.965 17.5667 -13 -1 1 0 1 -0.0132222 0.072845 0.730086 0 0 0 
-3.59282 22.3703 1235.48 -2.23164 3.05328 202.965 17.5742 -13 -1 1 0 1 -0.0132419 0.0728548 0.719725 0 0 0 
-3.61499 22.4004 1237.48 -2.26888 3.05009 202.964 17.5818 -13 -1 1 0 1 -0.0132614 0.0728651 0.709364 0 0 0 
-3.63753 22.4304 1239.48 -2.30622 3.04689 202.964 17.5893 -13 -1 1 0 1 -0.0132809 0.072876 0.699002 0 0 0 
-3.66043 22.4604 1241.48 -2.34367 3.04369 202.964 17.5968 -13 -1 1 0 1 -0.0133 0.0728879 0.688715 0 0 0 
-3.68371 22.4904 1243.48 -2.38123 3.04048 202.963 17.6043 -13 -1 1 0 1 -0.0133188 0.0729008 0.678523 0 0 0 
-3.70735 22.5204 1245.48 -2.41889 3.03726 202.963 17.6118 -13 -1 1 0 1 -0.0133377 0.0729171 0.668198 0 0 0 
-3.73137 22.5503 1247.48 -2.45667 3.03404 202.962 17.6194 -13 -1 1 0 1 -0.0133567 0.0729345 0.657842 0 0 0 
-3.75576 22.5801 1249.48 -2.49455 3.0308 202.962 17.6269 -13 -1 1 0 1 -0.0133756 0.0729525 0.647486 0 0 0 
-3.75599 22.5804 1249.5 -2.4949 3.03077 202.962 17.6269 -13 -1 1 0 1 -0.0133758 0.0729526 0.647391 0 0 0 
-3.78075 22.6103 1251.5 -2.53289 3.02751 202.962 17.6345 -13 -1 1 0 1 -0.0133947 0.0729712 0.637035 0 0 0 
-3.8059 22.6401 1253.5 -2.57099 3.02424 202.961 17.642 -13 -1 1 0 1 -0.0134136 0.0729904 0.626679 0 0 0 
-3.83141 22.6698 1255.5 -2.6092 3.02095 202.961 17.6495 -13 -1 1 0 1 -0.0134324 0.0730102 0.616323 0 0 0 
-3.85731 22.6996 1257.5 -2.64753 3.01763 202.96 17.657 -13 -1 1 0 1 -0.0134513 0.0730305 0.605967 0 0 0 
-3.88358 22.7293 1259.5 -2.68596 3.01429 202.96 17.6645 -13 -1 1 0 1 -0.0134701 0.0730514 0.595611 0 0 0 
-3.91024 22.759 1261.5 -2.72451 3.01093 202.959 17.6721 -13 -1 1 0 1 -0.013489 0.073073 0.585255 0 0 0 
-3.93727 22.7886 1263.5 -2.76316 3.00754 202.959 17.6796 -13 -1 1 0 1 -0.0135077 0.0730956 0.574966 0 0 0 
-3.96468 22.8183 1265.5 -2.80193 3.00412 202.958 17.6871 -13 -1 1 0 1 -0.0135262 0.0731198 0.564785 0 0 0 
-3.99248 22.8478 1267.5 -2.8408 3.00067 202.958 17.6946 -13 -1 1 0 1 -0.013545 0.0731472 0.554477 0 0 0 
-4.02066 22.8774 1269.5 -2.8798 2.99719 202.957 17.7022 -13 -1 1 0 1 -0.013564 0.073176 0.544127 0 0 0 
-4.04922 22.9069 1271.5 -2.9189 2.99366 202.957 17.7097 -13 -1 1 0 1 -0.0135831 0.0732054 0.533778 0 0 0 
-4.07817 22.9364 1273.5 -2.95812 2.9901 202.956 17.7172 -13 -1 1 0 1 -0.0136023 0.0732355 0.523429 0 0 0 
-4.10751 22.9658 1275.49 -2.99746 2.9865 202.956 17.7247 -13 -1 1 0 1 -0.0136216 0.0732661 0.513079 0 0 0 
-4.13724 22.9952 1277.49 -3.03691 2.98286 202.955 17.7322 -13 -1 1 0 1 -0.013641 0.0732974 0.50273 0 0 0 
-4.16735 23.0246 1279.49 -3.07648 2.97917 202.955 17.7398 -13 -1 1 0 1 -0.0136605 0.0733293 0.49238 0 0 0 
-4.19786 23.0539 1281.49 -3.11616 2.97543 202.954 17.7473 -13 -1 1 0 1 -0.0136802 0.0733619 0.482031 0 0 0 
-4.22876 23.0832 1283.49 -3.15596 2.97164 202.954 17.7548 -13 -1 1 0 1 -0.0137001 0.073395 0.471682 0 0 0 
-4.26005 23.1125 1285.49 -3.19587 2.96779 202.953 17.7623 -13 -1 1 0 1 -0.0137201 0.0734295 0.46139 0 0 0 
-4.29173 23.1417 1287.49 -3.2359 2.9639 202.953 17.7698 -13 -1 1 0 1 -0.01374 0.0734658 0.45122 0 0 0 
-4.32381 23.1709 1289.49 -3.27605 2.95995 202.952 17.7774 -13 -1 1 0 1 -0.0137604 0.0735052 0.440932 0 0 0 
-4.35628 23.2 1291.49 -3.31632 2.95593 202.951 17.7849 -13 -1 1 0 1 -0.0137811 0.0735463 0.430589 0 0 0 
-4.38915 23.2291 1293.49 -3.35671 2.95186 202.951 17.7924 -13 -1 1 0 1 -0.0138021 0.073588 0.420247 0 0 0 
-4.42242 23.2582 1295.49 -3.39721 2.94772 202.95 17.7999 -13 -1 1 0 1 -0.0138234 0.0736304 0.409904 0 0 0 
-4.45609 23.2872 1297.49 -3.43784 2.94351 202.95 17.8074 -13 -1 1 0 1 -0.0138449 0.0736734 0.399562 0 0 0 
-4.49017 23.3162 1299.49 -3.47859 2.93923 202.949 17.815 -13 -1 1 0 1 -0.0138667 0.0737171 0.389219 0 0 0 
-4.52464 23.3451 1301.49 -3.51946 2.93488 202.948 17.8225 -13 -1 1 0 1 -0.0138889 0.0737614 0.378877 0 0 0 
-4.55952 23.374 1303.49 -3.56045 2.93046 202.948 17.83 -13 -1 1 0 1 -0.0139114 0.0738064 0.368534 0 0 0 
-4.5948 23.4029 1305.49 -3.60157 2.92596 202.947 17.8375 -13 -1 1 0 1 -0.0139342 0.073852 0.358192 0 0 0 
-4.63048 23.4317 1307.49 -3.6428 2.92137 202.946 17.845 -13 -1 1 0 1 -0.0139574 0.0738989 0.347896 0 0 0 
-4.66658 23.4604 1309.49 -3.68416 2.91671 202.946 17.8526 -13 -1 1 0 1 -0.0139808 0.0739482 0.337736 0 0 0 
-4.70308 23.4891 1311.49 -3.72563 2.91196 202.945 17.8601 -13 -1 1 0 1 -0.0140048 0.0740002 0.327467 0 0 0 
-4.73999 23.5178 1313.49 -3.76724 2.90713 202.944 17.8676 -13 -1 1 0 1 -0.0140293 0.0740542 0.317131 0 0 0 
-4.77731 23.5464 1315.48 -3.80897 2.9022 202.944 17.8751 -13 -1 1 0 1 -0.0140543 0.0741089 0.306794 0 0 0 
-4.81504 23.575 1317.48 -3.85082 2.89718 202.943 17.8827 -13 -1 1 0 1 -0.0140798 0.0741643 0.296458 0 0 0 
-4.85319 23.6035 1319.48 -3.8928 2.89206 202.942 17.8902 -13 -1 1 0 1 -0.0141057 0.0742203 0.286122 0 0 0 
-4.89175 23.632 1321.48 -3.93491 2.88685 202.941 17.8977 -13 -1 1 0 1 -0.0141322 0.0742769 0.275786 0 0 0 
-4.93072 23.6604 1323.48 -3.97715 2.88153 202.941 17.9052 -13 -1 1 0 1 -0.0141592 0.0743343 0.26545 0 0 0 
-4.97012 23.6888 1325.48 -4.01951 2.87611 202.94 17.9127 -13 -1 1 0 1 -0.0141867 0.0743923 0.255114 0 0 0 
-5.00993 23.7171 1327.48 -4.06199 2.87058 202.939 17.9203 -13 -1 1 0 1 -0.0142148 0.0744509 0.244778 0 0 0 
-5.05016 23.7453 1329.48 -4.10461 2.86494 202.938 17.9278 -13 -1 1 0 1 -0.0142435 0.0745108 0.234477 0 0 0 
-5.09081 23.7735 1331.48 -4.14735 2.85919 202.937 17.9353 -13 -1 1 0 1 -0.0142726 0.0745734 0.224324 0 0 0 
-5.13188 23.8017 1333.48 -4.19022 2.85332 202.937 17.9428 -13 -1 1 0 1 -0.0143026 0.0746385 0.214073 0 0 0 
-5.17337 23.8297 1335.48 -4.23322 2.84734 202.936 17.9503 -13 -1 1 0 1 -0.0143334 0.0747059 0.203742 0 0 0 
-5.21529 23.8578 1337.48 -4.27635 2.84124 202.935 17.9579 -13 -1 1 0 1 -0.0143648 0.0747739 0.19341 0 0 0 
-5.25763 23.8857 1339.48 -4.31961 2.83501 202.934 17.9654 -13 -1 1 0 1 -0.0143969 0.0748426 0.183079 0 0 0 
-5.30041 23.9136 1341.48 -4.363 2.82865 202.933 17.9729 -13 -1 1 0 1 -0.0144298 0.0749119 0.172748 0 0 0 
-5.34361 23.9415 1343.48 -4.40653 2.82216 202.933 17.9804 -13 -1 1 0 1 -0.0144633 0.0749819 0.162416 0 0 0 
-5.38723 23.9692 1345.48 -4.45018 2.81554 202.932 17.9879 -13 -1 1 0 1 -0.0144977 0.0750525 0.152085 0 0 0 
-5.43129 23.9969 1347.48 -4.49397 2.80878 202.931 17.9955 -13 -1 1 0 1 -0.0145328 0.0751238 0.141754 0 0 0 
-5.47579 24.0246 1349.47 -4.53789 2.80188 202.93 18.003 -13 -1 1 0 1 -0.0145687 0.0751957 0.131422 0 0 0 
-5.52071 24.0521 1351.47 -4.58193 2.79483 202.929 18.0105 -13 -1 1 0 1 -0.0146054 0.0752687 0.121114 0 0 0 
-5.56607 24.0796 1353.47 -4.62611 2.78765 202.928 18.018 -13 -1 1 0 1 -0.014643 0.0753449 0.110967 0 0 0 
-5.61187 24.1071 1355.47 -4.67043 2.78031 202.927 18.0255 -13 -1 1 0 1 -0.0146816 0.0754232 0.100733 0 0 0 
-5.6581 24.1344 1357.47 -4.71487 2.77283 202.926 18.0331 -13 -1 1 0 1 -0.0147212 0.075504 0.0904043 0 0 0 
-5.70477 24.1617 1359.47 -4.75945 2.76518 202.925 18.0406 -13 -1 1 0 1 -0.0147617 0.0755853 0.0800756 0 0 0 
-5.75188 24.1889 1361.47 -4.80417 2.75738 202.924 18.0481 -13 -1 1 0 1 -0.0148032 0.0756673 0.0697471 0 0 0 
-5.79944 24.216 1363.47 -4.84902 2.74942 202.923 18.0556 -13 -1 1 0 1 -0.0148456 0.07575 0.0594186 0 0 0 
-5.84743 24.2431 1365.47 -4.89401 2.74129 202.922 18.0632 -13 -1 1 0 1 -0.014889 0.0758332 0.0490901 0 0 0 
-5.89587 24.2701 1367.47 -4.93913 2.73299 202.922 18.0707 -13 -1 1 0 1 -0.0149334 0.0759171 0.0387617 0 0 0 
-5.94475 24.2969 1369.47 -4.98439 2.72451 202.921 18.0782 -13 -1 1 0 1 -0.0149789 0.0760016 0.0284333 0 0 0 
-5.99408 24.3237 1371.47 -5.02978 2.71587 202.92 18.0857 -13 -1 1 0 1 -0.0150254 0.0760867 0.018105 0 0 0 
-6.04386 24.3505 1373.47 -5.0753 2.70704 202.918 18.0932 -13 -1 1 0 1 -0.015073 0.0761726 0.0077879 0 0 0 
-6.04473 24.3509 1373.5 -5.07609 2.70689 202.918 18.0934 -13 -1 1 0 1 -0.0150738 0.0761741 0.00761233 0 0 0 
-6.06986 24.3642 1374.5 -5.09887 2.70226 202.918 18.0971 -13 -1 1 0 1 -0.0156471 0.0760821 0.00253742 0 0 0 
-6.0951 24.3775 1375.5 -5.12166 2.69744 202.917 18.1009 -13 -1 1 0 1 -0.020808 0.0748422 -0.00253744 0 0 0 
-6.14578 24.404 1377.5 -5.16659 2.6848 202.916 18.1084 -13 -1 1 0 1 -0.0209625 0.0748969 -0.0127599 0 0 0 
-6.1969 24.4304 1379.5 -5.21164 2.67192 202.916 18.1159 -13 -1 1 0 1 -0.021117 0.0749539 -0.0230879 0 0 0 
-6.24847 24.4567 1381.5 -5.2568 2.65878 202.915 18.1235 -13 -1 1 0 1 -0.0212715 0.0750111 -0.0334158 0 0 0 
-6.30049 24.4828 1383.5 -5.30208 2.64538 202.914 18.131 -13 -1 1 0 1 -0.021426 0.0750687 -0.0437437 0 0 0 
-6.35295 24.5088 1385.5 -5.34747 2.63172 202.912 18.1385 -13 -1 1 0 1 -0.0215804 0.0751266 -0.0540715 0 0 0 
-6.40586 24.5347 1387.49 -5.39297 2.61781 202.911 18.146 -13 -1 1 0 1 -0.0217347 0.0751849 -0.0643993 0 0 0 
-6.45921 24.5604 1389.49 -5.43858 2.60362 202.91 18.1535 -13 -1 1 0 1 -0.0218889 0.0752435 -0.074727 0 0 0 
-6.51302 24.586 1391.49 -5.48431 2.58917 202.909 18.1611 -13 -1 1 0 1 -0.022043 0.0753024 -0.0850547 0 0 0 
-6.56728 24.6114 1393.49 -5.53014 2.57444 202.908 18.1686 -13 -1 1 0 1 -0.0221971 0.0753617 -0.0953823 0 0 0 
-6.62199 24.6367 1395.49 -5.57609 2.55944 202.907 18.1761 -13 -1 1 0 1 -0.022351 0.0754214 -0.105708 0 0 0 
-6.67715 24.6618 1397.49 -5.62214 2.54417 202.906 18.1836 -13 -1 1 0 1 -0.0225052 0.0754847 -0.115854 0 0 0 
-6.73277 24.6868 1399.49 -5.66831 2.52862 202.905 18.1911 -13 -1 1 0 1 -0.0226593 0.0755494 -0.126065 0 0 0 
-6.78884 24.7117 1401.49 -5.71458 2.51279 202.904 18.1987 -13 -1 1 0 1 -0.0228133 0.0756163 -0.136394 0 0 0 
-6.84537 24.7363 1403.49 -5.76096 2.49667 202.903 18.2062 -13 -1 1 0 1 -0.0229672 0.0756836 -0.146724 0 0 0 
-6.90236 24.7609 1405.49 -5.80746 2.48027 202.902 18.2137 -13 -1 1 0 1 -0.023121 0.0757512 -0.157053 0 0 0 
-6.95981 24.7852 1407.49 -5.85406 2.46357 202.901 18.2212 -13 -1 1 0 1 -0.0232748 0.0758191 -0.167382 0 0 0 
-7.01771 24.8094 1409.48 -5.90077 2.44658 202.899 18.2287 -13 -1 1 0 1 -0.0234284 0.0758874 -0.177712 0 0 0 
-7.07608 24.8334 1411.48 -5.94758 2.42929 202.898 18.2363 -13 -1 1 0 1 -0.0235819 0.0759561 -0.188041 0 0 0 
-7.13491 24.8573 1413.48 -5.99451 2.41171 202.897 18.2438 -13 -1 1 0 1 -0.0237353 0.0760251 -0.19837 0 0 0 
-7.1942 24.8809 1415.48 -6.04153 2.39382 202.896 18.2513 -13 -1 1 0 1 -0.0238886 0.0760945 -0.208699 0 0 0 
-7.25395 24.9044 1417.48 -6.08866 2.37563 202.895 18.2588 -13 -1 1 0 1 -0.0240418 0.0761642 -0.219028 0 0 0 
-7.31417 24.9277 1419.48 -6.13589 2.35713 202.894 18.2663 -13 -1 1 0 1 -0.0241953 0.0762375 -0.229188 0 0 0 
-7.37486 24.9509 1421.48 -6.18322 2.33832 202.892 18.2739 -13 -1 1 0 1 -0.0243487 0.0763122 -0.239389 0 0 0 
-7.43601 24.9738 1423.48 -6.23066 2.3192 202.891 18.2814 -13 -1 1 0 1 -0.0245019 0.076389 -0.249722 0 0 0 
-7.49763 24.9966 1425.48 -6.2782 2.29976 202.89 18.2889 -13 -1 1 0 1 -0.024655 0.0764663 -0.260055 0 0 0 
-7.55972 25.0191 1427.48 -6.32584 2.28 202.889 18.2964 -13 -1 1 0 1 -0.0248081 0.0765439 -0.270388 0 0 0 
-7.62228 25.0415 1429.47 -6.37358 2.25992 202.887 18.304 -13 -1 1 0 1 -0.024961 0.0766218 -0.280721 0 0 0 
-7.68531 25.0637 1431.47 -6.42142 2.23952 202.886 18.3115 -13 -1 1 0 1 -0.0251138 0.0767001 -0.291054 0 0 0 
-7.74881 25.0856 1433.47 -6.46935 2.21878 202.885 18.319 -13 -1 1 0 1 -0.0252666 0.0767787 -0.301386 0 0 0 
-7.81278 25.1074 1435.47 -6.51739 2.19772 202.883 18.3265 -13 -1 1 0 1 -0.0254192 0.0768577 -0.311719 0 0 0 
-7.87723 25.1289 1437.47 -6.56551 2.17632 202.882 18.334 -13 -1 1 0 1 -0.0255718 0.0769371 -0.322051 0 0 0 
-7.94215 25.1503 1439.47 -6.61373 2.15458 202.881 18.3416 -13 -1 1 0 1 -0.0257243 0.0770168 -0.332384 0 0 0 
-8.00755 25.1714 1441.47 -6.66205 2.1325 202.879 18.3491 -13 -1 1 0 1 -0.0258772 0.0771 -0.342562 0 0 0 
-8.07342 25.1923 1443.47 -6.71045 2.11008 202.878 18.3566 -13 -1 1 0 1 -0.0260301 0.0771845 -0.352756 0 0 0 
-8.13977 25.213 1445.46 -6.75895 2.08732 202.877 18.3641 -13 -1 1 0 1 -0.0261826 0.0772711 -0.363094 0 0 0 
-8.2066 25.2334 1447.46 -6.80753 2.06421 202.875 18.3716 -13 -1 1 0 1 -0.0263351 0.077358 -0.373432 0 0 0 
-8.27391 25.2536 1449.46 -6.85621 2.04074 202.874 18.3792 -13 -1 1 0 1 -0.0264875 0.0774453 -0.38377 0 0 0 
-8.3417 25.2736 1451.46 -6.90497 2.01692 202.873 18.3867 -13 -1 1 0 1 -0.0266399 0.077533 -0.394107 0 0 0 
-8.40997 25.2934 1453.46 -6.95382 1.99274 202.871 18.3942 -13 -1 1 0 1 -0.0267922 0.077621 -0.404445 0 0 0 
-8.47872 25.3129 1455.46 -7.00275 1.9682 202.87 18.4017 -13 -1 1 0 1 -0.0269445 0.0777093 -0.414783 0 0 0 
-8.54796 25.3322 1457.46 -7.05177 1.94329 202.868 18.4092 -13 -1 1 0 1 -0.0270968 0.077798 -0.42512 0 0 0 
-8.61767 25.3512 1459.46 -7.10086 1.91801 202.867 18.4168 -13 -1 1 0 1 -0.0272491 0.0778871 -0.435458 0 0 0 
-8.68788 25.37 1461.45 -7.15004 1.89237 202.865 18.4243 -13 -1 1 0 1 -0.0274013 0.0779765 -0.445795 0 0 0 
-8.75856 25.3885 1463.45 -7.19929 1.86635 202.864 18.4318 -13 -1 1 0 1 -0.0275541 0.0780691 -0.455993 0 0 0 
-8.82973 25.4067 1465.45 -7.24862 1.83995 202.862 18.4393 -13 -1 1 0 1 -0.027707 0.0781631 -0.466182 0 0 0 
-8.90139 25.4247 1467.45 -7.29803 1.81318 202.861 18.4468 -13 -1 1 0 1 -0.0278594 0.0782589 -0.476526 0 0 0 
-8.97354 25.4425 1469.45 -7.34751 1.78602 202.859 18.4544 -13 -1 1 0 1 -0.0280118 0.0783551 -0.486869 0 0 0 
-9.04617 25.4599 1471.45 -7.39706 1.75848 202.858 18.4619 -13 -1 1 0 1 -0.0281642 0.0784515 -0.497213 0 0 0 
-9.11929 25.4771 1473.45 -7.44668 1.73055 202.856 18.4694 -13 -1 1 0 1 -0.0283166 0.0785483 -0.507556 0 0 0 
-9.1929 25.494 1475.45 -7.49637 1.70222 202.854 18.4769 -13 -1 1 0 1 -0.0284691 0.0786455 -0.517899 0 0 0 
-9.26701 25.5106 1477.44 -7.54613 1.6735 202.853 18.4845 -13 -1 1 0 1 -0.0286217 0.078743 -0.528242 0 0 0 
-9.3416 25.527 1479.44 -7.59595 1.64437 202.851 18.492 -13 -1 1 0 1 -0.0287743 0.0788408 -0.538586 0 0 0 
-9.41668 25.543 1481.44 -7.64583 1.61485 202.85 18.4995 -13 -1 1 0 1 -0.0289271 0.0789389 -0.548929 0 0 0 
-9.49225 25.5588 1483.44 -7.69578 1.58492 202.848 18.507 -13 -1 1 0 1 -0.0290799 0.0790374 -0.559272 0 0 0 
-9.56832 25.5743 1485.44 -7.74578 1.55458 202.846 18.5145 -13 -1 1 0 1 -0.0292335 0.0791388 -0.56949 0 0 0 
-9.64488 25.5894 1487.44 -7.79584 1.52383 202.845 18.5221 -13 -1 1 0 1 -0.0293874 0.0792416 -0.579675 0 0 0 
-9.72193 25.6043 1489.43 -7.84595 1.49267 202.843 18.5296 -13 -1 1 0 1 -0.0295404 0.0793458 -0.590024 0 0 0 
-9.79948 25.6188 1491.43 -7.89611 1.46109 202.841 18.5371 -13 -1 1 0 1 -0.0296936 0.0794504 -0.600373 0 0 0 
-9.87752 25.6331 1493.43 -7.94633 1.42908 202.839 18.5446 -13 -1 1 0 1 -0.0298469 0.0795552 -0.610722 0 0 0 
-9.95606 25.647 1495.43 -7.99659 1.39665 202.838 18.5521 -13 -1 1 0 1 -0.0300004 0.0796603 -0.621071 0 0 0 
-10.0351 25.6606 1497.43 -8.0469 1.3638 202.836 18.5597 -13 -1 1 0 1 -0.0301541 0.0797657 -0.63142 0 0 0 
-10.1146 25.6739 1499.43 -8.09725 1.33051 202.834 18.5672 -13 -1 1 0 1 -0.030308 0.0798713 -0.641768 0 0 0 
-10.1176 25.6743 1499.5 -8.0991 1.32928 202.834 18.5675 -13 -1 1 0 1 -0.0303136 0.0798752 -0.642148 0 0 0 
-10.1976 25.6873 1501.5 -8.14949 1.29554 202.832 18.575 -13 -1 1 0 1 -0.0304677 0.0799812 -0.652497 0 0 0 
-10.2781 25.6999 1503.5 -8.19993 1.26136 202.83 18.5825 -13 -1 1 0 1 -0.0306221 0.0800874 -0.662845 0 0 0 
-10.3592 25.7121 1505.5 -8.25039 1.22674 202.829 18.59 -13 -1 1 0 1 -0.0307766 0.080194 -0.673194 0 0 0 
-10.4407 25.724 1507.49 -8.30089 1.19167 202.827 18.5975 -13 -1 1 0 1 -0.0309322 0.0803033 -0.683426 0 0 0 
-10.5227 25.7356 1509.49 -8.35142 1.15616 202.825 18.6051 -13 -1 1 0 1 -0.0310883 0.080414 -0.693614 0 0 0 
-10.6053 25.7468 1511.49 -8.40197 1.1202 202.823 18.6126 -13 -1 1 0 1 -0.0312432 0.0805254 -0.703968 0 0 0 
-10.6883 25.7577 1513.49 -8.45255 1.08379 202.821 18.6201 -13 -1 1 0 1 -0.0313984 0.0806371 -0.714321 0 0 0 
-10.7718 25.7682 1515.49 -8.50316 1.04692 202.819 18.6276 -13 -1 1 0 1 -0.0315539 0.080749 -0.724673 0 0 0 
-10.8558 25.7783 1517.48 -8.55378 1.00958 202.817 18.6351 -13 -1 1 0 1 -0.0317097 0.0808611 -0.735026 0 0 0 
-10.9404 25.7881 1519.48 -8.60442 0.971785 202.815 18.6427 -13 -1 1 0 1 -0.0318659 0.0809734 -0.745379 0 0 0 
-11.0254 25.7975 1521.48 -8.65507 0.933519 202.813 18.6502 -13 -1 1 0 1 -0.0320224 0.081086 -0.755732 0 0 0 
-11.1109 25.8065 1523.48 -8.70573 0.894781 202.811 18.6577 -13 -1 1 0 1 -0.0321794 0.0811987 -0.766084 0 0 0 
-11.1969 25.8151 1525.48 -8.7564 0.855568 202.809 18.6652 -13 -1 1 0 1 -0.0323367 0.0813117 -0.776437 0 0 0 
-11.2834 25.8233 1527.48 -8.80707 0.815877 202.807 18.6727 -13 -1 1 0 1 -0.0324944 0.0814248 -0.786789 0 0 0 
-11.3705 25.8312 1529.47 -8.85774 0.775705 202.805 18.6803 -13 -1 1 0 1 -0.0326533 0.0815404 -0.797041 0 0 0 
-11.458 25.8386 1531.47 -8.90841 0.735051 202.803 18.6878 -13 -1 1 0 1 -0.0328131 0.0816575 -0.807234 0 0 0 
-11.546 25.8456 1533.47 -8.95907 0.693912 202.801 18.6953 -13 -1 1 0 1 -0.0329714 0.0817745 -0.81758 0 0 0 
-11.6345 25.8523 1535.47 -9.00972 0.652282 202.799 18.7028 -13 -1 1 0 1 -0.03313 0.0818916 -0.827934 0 0 0 
-11.7235 25.8585 1537.47 -9.06036 0.610157 202.797 18.7104 -13 -1 1 0 1 -0.0332891 0.0820088 -0.838288 0 0 0 
-11.813 25.8643 1539.46 -9.11099 0.567535 202.795 18.7179 -13 -1 1 0 1 -0.0334488 0.0821261 -0.848642 0 0 0 
-11.9031 25.8697 1541.46 -9.16159 0.524411 202.792 18.7254 -13 -1 1 0 1 -0.0336089 0.0822436 -0.858996 0 0 0 
-11.9936 25.8746 1543.46 -9.21217 0.480783 202.79 18.7329 -13 -1 1 0 1 -0.0337696 0.0823612 -0.86935 0 0 0 
-12.0846 25.8791 1545.46 -9.26272 0.436648 202.788 18.7404 -13 -1 1 0 1 -0.0339309 0.0824788 -0.879704 0 0 0 
-12.1761 25.8832 1547.46 -9.31324 0.392001 202.786 18.748 -13 -1 1 0 1 -0.0340928 0.0825966 -0.890058 0 0 0 
-12.2681 25.8869 1549.45 -9.36372 0.34684 202.784 18.7555 -13 -1 1 0 1 -0.0342553 0.0827144 -0.900412 0 0 0 
-12.3606 25.8901 1551.45 -9.41417 0.301161 202.781 18.763 -13 -1 1 0 1 -0.0344191 0.0828343 -0.910679 0 0 0 
-12.4536 25.8928 1553.45 -9.46457 0.254964 202.779 18.7705 -13 -1 1 0 1 -0.0345842 0.0829558 -0.920877 0 0 0 
-12.5471 25.8951 1555.45 -9.51492 0.208246 202.777 18.778 -13 -1 1 0 1 -0.0347475 0.0830762 -0.931209 0 0 0 
-12.6411 25.8969 1557.44 -9.56522 0.161001 202.774 18.7856 -13 -1 1 0 1 -0.0349111 0.0831965 -0.94156 0 0 0 
-12.7356 25.8983 1559.44 -9.61547 0.113225 202.772 18.7931 -13 -1 1 0 1 -0.0350754 0.0833168 -0.951911 0 0 0 
-12.8305 25.8991 1561.44 -9.66566 0.064916 202.77 18.8006 -13 -1 1 0 1 -0.0352404 0.0834371 -0.962262 0 0 0 
-12.926 25.8995 1563.44 -9.71578 0.01607 202.767 18.8081 -13 -1 1 0 1 -0.0354061 0.0835574 -0.972613 0 0 0 
-13.022 25.8994 1565.44 -9.76583 -0.033316 202.765 18.8156 -13 -1 1 0 1 -0.0355726 0.0836776 -0.982964 0 0 0 
-13.1185 25.8989 1567.43 -9.81581 -0.0832455 202.763 18.8232 -13 -1 1 0 1 -0.0357398 0.0837978 -0.993314 0 0 0 
-13.2154 25.8978 1569.43 -9.86571 -0.133722 202.76 18.8307 -13 -1 1 0 1 -0.0359079 0.0839179 -1.00366 0 0 0 
-13.3128 25.8962 1571.43 -9.91553 -0.184748 202.758 18.8382 -13 -1 1 0 1 -0.0360767 0.0840379 -1.01402 0 0 0 
-13.4108 25.8942 1573.43 -9.96526 -0.236327 202.755 18.8457 -13 -1 1 0 1 -0.0362471 0.0841594 -1.02429 0 0 0 
-13.5092 25.8916 1575.42 -10.0149 -0.28846 202.753 18.8532 -13 -1 1 0 1 -0.0364192 0.0842827 -1.03449 0 0 0 
-13.6081 25.8885 1577.42 -10.0644 -0.34115 202.75 18.8608 -13 -1 1 0 1 -0.0365891 0.0844041 -1.04481 0 0 0 
-13.7075 25.8849 1579.42 -10.1139 -0.394401 202.748 18.8683 -13 -1 1 0 1 -0.0367592 0.0845248 -1.05515 0 0 0 
-13.8074 25.8807 1581.42 -10.1632 -0.448216 202.745 18.8758 -13 -1 1 0 1 -0.0369302 0.0846454 -1.06549 0 0 0 
-13.9078 25.876 1583.41 -10.2124 -0.5026 202.742 18.8833 -13 -1 1 0 1 -0.0371021 0.0847657 -1.07583 0 0 0 
-14.0086 25.8708 1585.41 -10.2615 -0.557555 202.74 18.8909 -13 -1 1 0 1 -0.0372749 0.0848859 -1.08617 0 0 0 
-14.11 25.865 1587.41 -10.3105 -0.613084 202.737 18.8984 -13 -1 1 0 1 -0.0374487 0.0850058 -1.09651 0 0 0 
-14.2118 25.8587 1589.41 -10.3594 -0.66919 202.734 18.9059 -13 -1 1 0 1 -0.0376234 0.0851255 -1.10685 0 0 0 
-14.3141 25.8518 1591.4 -10.4081 -0.725877 202.732 18.9134 -13 -1 1 0 1 -0.0377992 0.0852449 -1.1172 0 0 0 
-14.4169 25.8444 1593.4 -10.4567 -0.783147 202.729 18.9209 -13 -1 1 0 1 -0.0379759 0.085364 -1.12754 0 0 0 
-14.5201 25.8364 1595.4 -10.5051 -0.841004 202.726 18.9285 -13 -1 1 0 1 -0.0381544 0.0854842 -1.13782 0 0 0 
-14.6239 25.8278 1597.4 -10.5534 -0.899448 202.724 18.936 -13 -1 1 0 1 -0.0383349 0.085606 -1.14802 0 0 0 
-14.7281 25.8187 1599.39 -10.6015 -0.958482 202.721 18.9435 -13 -1 1 0 1 -0.0385131 0.0857251 -1.1583 0 0 0 
-14.8328 25.809 1601.39 -10.6495 -1.01811 202.718 18.951 -13 -1 1 0 1 -0.0386911 0.085843 -1.16863 0 0 0 
-14.9379 25.7986 1603.39 -10.6973 -1.07833 202.715 18.9585 -13 -1 1 0 1 -0.0388702 0.0859605 -1.17895 0 0 0 
-15.0436 25.7877 1605.38 -10.7449 -1.13916 202.712 18.9661 -13 -1 1 0 1 -0.0390505 0.0860776 -1.18927 0 0 0 
-15.1497 25.7762 1607.38 -10.7924 -1.20058 202.709 18.9736 -13 -1 1 0 1 -0.0392319 0.0861943 -1.19959 0 0 0 
-15.2562 25.764 1609.38 -10.8396 -1.26261 202.706 18.9811 -13 -1 1 0 1 -0.0394145 0.0863106 -1.20991 0 0 0 
-15.3632 25.7513 1611.38 -10.8867 -1.32525 202.704 18.9886 -13 -1 1 0 1 -0.0395982 0.0864263 -1.22023 0 0 0 
-15.4707 25.7379 1613.37 -10.9335 -1.3885 202.701 18.9961 -13 -1 1 0 1 -0.0397831 0.0865415 -1.23055 0 0 0 
-15.5787 25.7239 1615.37 -10.9802 -1.45237 202.698 19.0037 -13 -1 1 0 1 -0.0399692 0.0866562 -1.24087 0 0 0 
-15.6871 25.7093 1617.37 -11.0267 -1.51685 202.695 19.0112 -13 -1 1 0 1 -0.0401571 0.0867714 -1.25115 0 0 0 
-15.796 25.694 1619.36 -11.0729 -1.58195 202.692 19.0187 -13 -1 1 0 1 -0.0403475 0.0868882 -1.26133 0 0 0 
-15.9053 25.6781 1621.36 -11.1189 -1.64766 202.689 19.0262 -13 -1 1 0 1 -0.0405354 0.0870016 -1.27158 0 0 0 
-16.015 25.6616 1623.36 -11.1647 -1.714 202.686 19.0337 -13 -1 1 0 1 -0.0407224 0.0871127 -1.28188 0 0 0 
-16.0229 25.6603 1623.5 -11.1679 -1.71877 202.685 19.0343 -13 -1 1 0 1 -0.0407358 0.0871205 -1.28261 0 0 0 
-16.0781 25.6517 1624.5 -11.1907 -1.7524 202.684 19.0381 -13 -1 1 0 1 -0.0414115 0.0868113 -1.28777 0 0 0 
-16.1335 25.6429 1625.5 -11.2132 -1.78634 202.682 19.0418 -13 -1 1 0 1 -0.0468976 0.0834728 -1.29292 0 0 0 
-16.2441 25.6249 1627.5 -11.2562 -1.85757 202.679 19.0493 -13 -1 1 0 1 -0.0471861 0.0834913 -1.30322 0 0 0 
-16.3553 25.6063 1629.49 -11.2989 -1.92949 202.676 19.0569 -13 -1 1 0 1 -0.0474741 0.0835089 -1.31351 0 0 0 
-16.4668 25.5869 1631.49 -11.3412 -2.00208 202.673 19.0644 -13 -1 1 0 1 -0.0477615 0.0835256 -1.3238 0 0 0 
-16.5787 25.5668 1633.49 -11.3832 -2.07536 202.67 19.0719 -13 -1 1 0 1 -0.0480485 0.0835414 -1.3341 0 0 0 
-16.6911 25.546 1635.48 -11.4249 -2.14932 202.667 19.0794 -13 -1 1 0 1 -0.0483348 0.0835564 -1.34439 0 0 0 
-16.8038 25.5245 1637.48 -11.4662 -2.22396 202.664 19.0869 -13 -1 1 0 1 -0.0486207 0.0835705 -1.35469 0 0 0 
-16.917 25.5022 1639.48 -11.5072 -2.29928 202.661 19.0945 -13 -1 1 0 1 -0.0489065 0.0835847 -1.36494 0 0 0 
-17.0306 25.4792 1641.47 -11.5477 -2.37529 202.657 19.102 -13 -1 1 0 1 -0.049193 0.0836001 -1.3751 0 0 0 
-17.1446 25.4554 1643.47 -11.5879 -2.45198 202.654 19.1095 -13 -1 1 0 1 -0.0494744 0.0836111 -1.38531 0 0 0 
-17.2589 25.4308 1645.47 -11.6278 -2.52935 202.651 19.117 -13 -1 1 0 1 -0.0497524 0.0836191 -1.39557 0 0 0 
-17.3737 25.4055 1647.46 -11.6672 -2.6074 202.648 19.1245 -13 -1 1 0 1 -0.0500298 0.0836263 -1.40582 0 0 0 
-17.4888 25.3795 1649.46 -11.7062 -2.68613 202.644 19.1321 -13 -1 1 0 1 -0.0503064 0.0836325 -1.41608 0 0 0 
-17.6043 25.3526 1651.46 -11.7448 -2.76554 202.641 19.1396 -13 -1 1 0 1 -0.0505823 0.083638 -1.42633 0 0 0 
-17.7202 25.325 1653.45 -11.783 -2.84563 202.638 19.1471 -13 -1 1 0 1 -0.0508575 0.0836425 -1.43659 0 0 0 
-17.8365 25.2965 1655.45 -11.8208 -2.92641 202.634 19.1546 -13 -1 1 0 1 -0.0511319 0.0836462 -1.44684 0 0 0 
-17.9532 25.2673 1657.45 -11.8581 -3.00787 202.631 19.1622 -13 -1 1 0 1 -0.0514056 0.0836491 -1.45709 0 0 0 
-18.0702 25.2373 1659.44 -11.895 -3.09001 202.628 19.1697 -13 -1 1 0 1 -0.0516786 0.0836511 -1.46735 0 0 0 
-18.1875 25.2064 1661.44 -11.9315 -3.17283 202.624 19.1772 -13 -1 1 0 1 -0.0519512 0.0836529 -1.47757 0 0 0 
-18.3053 25.1747 1663.43 -11.9675 -3.25633 202.621 19.1847 -13 -1 1 0 1 -0.0522247 0.0836561 -1.4877 0 0 0 
-18.4234 25.1423 1665.43 -12.003 -3.34051 202.617 19.1922 -13 -1 1 0 1 -0.0524925 0.0836547 -1.49786 0 0 0 
-18.5418 25.1089 1667.43 -12.038 -3.42537 202.614 19.1998 -13 -1 1 0 1 -0.0527555 0.0836493 -1.50806 0 0 0 
-18.6606 25.0748 1669.42 -12.0726 -3.5109 202.61 19.2073 -13 -1 1 0 1 -0.0530177 0.0836431 -1.51826 0 0 0 
-18.7797 25.0397 1671.42 -12.1066 -3.5971 202.607 19.2148 -13 -1 1 0 1 -0.053279 0.0836361 -1.52846 0 0 0 
-18.8991 25.0039 1673.42 -12.1402 -3.68397 202.603 19.2223 -13 -1 1 0 1 -0.0535393 0.0836282 -1.53866 0 0 0 
-19.0189 24.9671 1675.41 -12.1733 -3.77152 202.6 19.2298 -13 -1 1 0 1 -0.0537988 0.0836195 -1.54886 0 0 0 
-19.139 24.9296 1677.41 -12.2058 -3.85974 202.596 19.2374 -13 -1 1 0 1 -0.0540573 0.08361 -1.55906 0 0 0 
-19.2594 24.8911 1679.4 -12.2378 -3.94863 202.592 19.2449 -13 -1 1 0 1 -0.054315 0.0835997 -1.56926 0 0 0 
-19.3801 24.8517 1681.4 -12.2692 -4.03819 202.589 19.2524 -13 -1 1 0 1 -0.0545717 0.0835885 -1.57946 0 0 0 
-19.5011 24.8115 1683.4 -12.3001 -4.12841 202.585 19.2599 -13 -1 1 0 1 -0.0548278 0.0835769 -1.58964 0 0 0 
-19.6225 24.7704 1685.39 -12.3305 -4.2193 202.581 19.2674 -13 -1 1 0 1 -0.0550848 0.0835669 -1.59972 0 0 0 
-19.7441 24.7284 1687.39 -12.3602 -4.31085 202.577 19.275 -13 -1 1 0 1 -0.055336 0.0835522 -1.60982 0 0 0 
-19.866 24.6855 1689.38 -12.3894 -4.40306 202.574 19.2825 -13 -1 1 0 1 -0.0555806 0.0835324 -1.61994 0 0 0 
-19.9882 24.6416 1691.38 -12.4181 -4.49592 202.57 19.29 -13 -1 1 0 1 -0.0558241 0.0835119 -1.63007 0 0 0 
-20.1107 24.5969 1693.37 -12.4461 -4.58943 202.566 19.2975 -13 -1 1 0 1 -0.0560666 0.0834905 -1.6402 0 0 0 
-20.2335 24.5512 1695.37 -12.4735 -4.6836 202.562 19.305 -13 -1 1 0 1 -0.056308 0.0834684 -1.65033 0 0 0 
-20.3565 24.5046 1697.37 -12.5003 -4.77841 202.558 19.3126 -13 -1 1 0 1 -0.0565484 0.0834454 -1.66045 0 0 0 
-20.4798 24.457 1699.36 -12.5265 -4.87387 202.555 19.3201 -13 -1 1 0 1 -0.0567877 0.0834217 -1.67058 0 0 0 
-20.6033 24.4085 1701.36 -12.552 -4.96998 202.551 19.3276 -13 -1 1 0 1 -0.057026 0.0833972 -1.68071 0 0 0 
-20.7271 24.3591 1703.35 -12.5769 -5.06673 202.547 19.3351 -13 -1 1 0 1 -0.0572632 0.0833719 -1.69084 0 0 0 
-20.8511 24.3087 1705.35 -12.6012 -5.16411 202.543 19.3427 -13 -1 1 0 1 -0.0574994 0.0833459 -1.70096 0 0 0 
-20.9754 24.2573 1707.34 -12.6247 -5.26214 202.539 19.3502 -13 -1 1 0 1 -0.0577368 0.0833216 -1.71097 0 0 0 
-21.0999 24.205 1709.34 -12.6477 -5.36079 202.535 19.3577 -13 -1 1 0 1 -0.0579683 0.083293 -1.72099 0 0 0 
-21.2246 24.1517 1711.33 -12.6699 -5.46007 202.531 19.3652 -13 -1 1 0 1 -0.0581911 0.0832579 -1.73102 0 0 0 
-21.3496 24.0974 1713.33 -12.6914 -5.55997 202.527 19.3727 -13 -1 1 0 1 -0.0584127 0.083222 -1.74106 0 0 0 
-21.4747 24.0421 1715.33 -12.7123 -5.66048 202.522 19.3803 -13 -1 1 0 1 -0.058633 0.0831854 -1.7511 0 0 0 
-21.6 23.9859 1717.32 -12.7324 -5.76161 202.518 19.3878 -13 -1 1 0 1 -0.0588522 0.083148 -1.76114 0 0 0 
-21.7256 23.9286 1719.32 -12.7518 -5.86335 202.514 19.3953 -13 -1 1 0 1 -0.0590701 0.0831098 -1.77118 0 0 0 
-21.8513 23.8703 1721.31 -12.7705 -5.96569 202.51 19.4028 -13 -1 1 0 1 -0.0592869 0.0830709 -1.78122 0 0 0 
-21.9772 23.8111 1723.31 -12.7884 -6.06864 202.506 19.4103 -13 -1 1 0 1 -0.0595024 0.0830313 -1.79126 0 0 0 
-22.1033 23.7508 1725.3 -12.8056 -6.17219 202.502 19.4179 -13 -1 1 0 1 -0.0597168 0.0829909 -1.8013 0 0 0 
-22.2295 23.6894 1727.3 -12.822 -6.27634 202.497 19.4254 -13 -1 1 0 1 -0.05993 0.0829498 -1.81133 0 0 0 
-22.3559 23.6271 1729.29 -12.8376 -6.38107 202.493 19.4329 -13 -1 1 0 1 -0.0601443 0.0829102 -1.82126 0 0 0 
-22.4825 23.5637 1731.29 -12.8525 -6.48639 202.489 19.4404 -13 -1 1 0 1 -0.0603532 0.0828669 -1.83119 0 0 0 
-22.6092 23.4993 1733.28 -12.8666 -6.59229 202.485 19.4479 -13 -1 1 0 1 -0.0605508 0.0828156 -1.84111 0 0 0 
-22.736 23.4338 1735.28 -12.8799 -6.69875 202.48 19.4555 -13 -1 1 0 1 -0.0607472 0.0827636 -1.85104 0 0 0 
-22.863 23.3673 1737.27 -12.8923 -6.80578 202.476 19.463 -13 -1 1 0 1 -0.0609422 0.082711 -1.86097 0 0 0 
-22.99 23.2997 1739.27 -12.904 -6.91337 202.471 19.4705 -13 -1 1 0 1 -0.0611359 0.0826576 -1.87089 0 0 0 
-23.1172 23.2311 1741.26 -12.9148 -7.02151 202.467 19.478 -13 -1 1 0 1 -0.0613283 0.0826035 -1.88082 0 0 0 
-23.2445 23.1613 1743.26 -12.9248 -7.13021 202.463 19.4855 -13 -1 1 0 1 -0.0615194 0.0825488 -1.89074 0 0 0 
-23.3719 23.0906 1745.25 -12.9339 -7.23945 202.458 19.4931 -13 -1 1 0 1 -0.0617092 0.0824933 -1.90067 0 0 0 
-23.4994 23.0187 1747.24 -12.9421 -7.34923 202.454 19.5006 -13 -1 1 0 1 -0.0618977 0.0824372 -1.91059 0 0 0 
-23.6269 22.9457 1749.24 -12.9495 -7.45954 202.449 19.5081 -13 -1 1 0 1 -0.0620849 0.0823803 -1.92052 0 0 0 
-23.6436 22.9361 1749.5 -12.9504 -7.47399 202.449 19.5091 -13 -1 1 0 1 -0.0621092 0.0823727 -1.92182 0 0 0 
-23.7712 22.8619 1751.49 -12.9568 -7.5849 202.444 19.5166 -13 -1 1 0 1 -0.0622974 0.0823172 -1.93163 0 0 0 
-23.8989 22.7866 1753.49 -12.9623 -7.69633 202.439 19.5241 -13 -1 1 0 1 -0.0624788 0.0822572 -1.94144 0 0 0 
-24.0266 22.7102 1755.48 -12.9669 -7.80827 202.435 19.5317 -13 -1 1 0 1 -0.062648 0.0821891 -1.95122 0 0 0 
-24.1544 22.6328 1757.48 -12.9706 -7.92071 202.43 19.5392 -13 -1 1 0 1 -0.0628158 0.0821203 -1.96101 0 0 0 
-24.2822 22.5542 1759.47 -12.9734 -8.03364 202.426 19.5467 -13 -1 1 0 1 -0.0629822 0.0820509 -1.9708 0 0 0 
-24.41 22.4745 1761.47 -12.9752 -8.14705 202.421 19.5542 -13 -1 1 0 1 -0.0631471 0.0819809 -1.98059 0 0 0 
-24.5379 22.3936 1763.46 -12.9761 -8.26095 202.416 19.5617 -13 -1 1 0 1 -0.0633107 0.0819102 -1.99037 0 0 0 
-24.6657 22.3117 1765.46 -12.976 -8.37532 202.412 19.5693 -13 -1 1 0 1 -0.0634728 0.0818389 -2.00016 0 0 0 
-24.7935 22.2286 1767.45 -12.975 -8.49016 202.407 19.5768 -13 -1 1 0 1 -0.0636336 0.0817669 -2.00995 0 0 0 
-24.9214 22.1444 1769.44 -12.9729 -8.60546 202.402 19.5843 -13 -1 1 0 1 -0.063793 0.0816943 -2.01974 0 0 0 
-25.0492 22.059 1771.44 -12.97 -8.72121 202.397 19.5918 -13 -1 1 0 1 -0.063951 0.0816211 -2.02952 0 0 0 
-25.1769 21.9725 1773.43 -12.966 -8.83741 202.393 19.5993 -13 -1 1 0 1 -0.0641098 0.0815489 -2.03922 0 0 0 
-25.3046 21.8849 1775.43 -12.961 -8.95405 202.388 19.6069 -13 -1 1 0 1 -0.0642629 0.0814732 -2.04888 0 0 0 
-25.4323 21.7961 1777.42 -12.955 -9.0711 202.383 19.6144 -13 -1 1 0 1 -0.0644008 0.0813879 -2.05851 0 0 0 
-25.5599 21.7061 1779.41 -12.948 -9.18857 202.378 19.6219 -13 -1 1 0 1 -0.0645371 0.081302 -2.06813 0 0 0 
-25.6874 21.615 1781.41 -12.9399 -9.30644 202.373 19.6294 -13 -1 1 0 1 -0.0646719 0.0812156 -2.07775 0 0 0 
-25.8149 21.5228 1783.4 -12.9308 -9.4247 202.368 19.6369 -13 -1 1 0 1 -0.0648053 0.0811285 -2.08737 0 0 0 
-25.9422 21.4293 1785.39 -12.9207 -9.54335 202.363 19.6445 -13 -1 1 0 1 -0.0649371 0.0810409 -2.097 0 0 0 
-26.0695 21.3347 1787.39 -12.9095 -9.66238 202.359 19.652 -13 -1 1 0 1 -0.0650674 0.0809526 -2.10662 0 0 0 
-26.1966 21.2389 1789.38 -12.8972 -9.78178 202.354 19.6595 -13 -1 1 0 1 -0.0651963 0.0808638 -2.11624 0 0 0 
-26.3236 21.142 1791.38 -12.8839 -9.90154 202.349 19.667 -13 -1 1 0 1 -0.0653237 0.0807744 -2.12586 0 0 0 
-26.4505 21.0438 1793.37 -12.8694 -10.0217 202.344 19.6746 -13 -1 1 0 1 -0.0654496 0.0806845 -2.13548 0 0 0 
-26.5772 20.9445 1795.36 -12.8539 -10.1421 202.339 19.6821 -13 -1 1 0 1 -0.065576 0.0805952 -2.14503 0 0 0 
-26.7037 20.844 1797.36 -12.8372 -10.2629 202.334 19.6896 -13 -1 1 0 1 -0.0656983 0.0805037 -2.15453 0 0 0 
-26.8301 20.7423 1799.35 -12.8195 -10.384 202.329 19.6971 -13 -1 1 0 1 -0.0658018 0.080401 -2.16396 0 0 0 
-26.9563 20.6394 1801.34 -12.8006 -10.5054 202.323 19.7046 -13 -1 1 0 1 -0.0659036 0.0802978 -2.17339 0 0 0 
-27.0824 20.5353 1803.34 -12.7806 -10.6271 202.318 19.7122 -13 -1 1 0 1 -0.0660039 0.080194 -2.18282 0 0 0 
-27.2082 20.43 1805.33 -12.7594 -10.7491 202.313 19.7197 -13 -1 1 0 1 -0.0661026 0.0800898 -2.19225 0 0 0 
-27.3338 20.3235 1807.32 -12.7371 -10.8714 202.308 19.7272 -13 -1 1 0 1 -0.0661997 0.079985 -2.20168 0 0 0 
-27.4591 20.2158 1809.32 -12.7136 -10.9939 202.303 19.7347 -13 -1 1 0 1 -0.0662952 0.0798797 -2.2111 0 0 0 
-27.5843 20.1068 1811.31 -12.689 -11.1166 202.298 19.7422 -13 -1 1 0 1 -0.0663892 0.0797739 -2.22053 0 0 0 
-27.7092 19.9967 1813.3 -12.6631 -11.2396 202.293 19.7498 -13 -1 1 0 1 -0.0664815 0.0796676 -2.22996 0 0 0 
-27.8338 19.8854 1815.3 -12.6361 -11.3629 202.287 19.7573 -13 -1 1 0 1 -0.0665724 0.0795607 -2.23939 0 0 0 
-27.9582 19.7728 1817.29 -12.6079 -11.4864 202.282 19.7648 -13 -1 1 0 1 -0.0666634 0.0794543 -2.24875 0 0 0 
-28.0822 19.659 1819.28 -12.5784 -11.61 202.277 19.7723 -13 -1 1 0 1 -0.0667522 0.079347 -2.25808 0 0 0 
-28.206 19.544 1821.27 -12.5478 -11.7339 202.272 19.7798 -13 -1 1 0 1 -0.0668184 0.079227 -2.26728 0 0 0 
-28.3295 19.4278 1823.27 -12.516 -11.8579 202.267 19.7874 -13 -1 1 0 1 -0.0668829 0.0791065 -2.27648 0 0 0 
-28.4526 19.3104 1825.26 -12.4829 -11.9821 202.261 19.7949 -13 -1 1 0 1 -0.0669456 0.0789856 -2.28569 0 0 0 
-28.5754 19.1917 1827.25 -12.4485 -12.1064 202.256 19.8024 -13 -1 1 0 1 -0.0670067 0.0788643 -2.29489 0 0 0 
-28.6979 19.0718 1829.24 -12.413 -12.2309 202.251 19.8099 -13 -1 1 0 1 -0.0670662 0.0787426 -2.30409 0 0 0 
-28.82 18.9507 1831.24 -12.3761 -12.3555 202.245 19.8174 -13 -1 1 0 1 -0.0671239 0.0786204 -2.3133 0 0 0 
-28.9418 18.8284 1833.23 -12.3381 -12.4802 202.24 19.825 -13 -1 1 0 1 -0.06718 0.0784977 -2.3225 0 0 0 
-29.0631 18.7048 1835.22 -12.2987 -12.605 202.235 19.8325 -13 -1 1 0 1 -0.0672344 0.0783747 -2.33171 0 0 0 
-29.1841 18.58 1837.21 -12.2581 -12.73 202.229 19.84 -13 -1 1 0 1 -0.0672872 0.0782511 -2.34091 0 0 0 
-29.3047 18.454 1839.21 -12.2161 -12.8549 202.224 19.8475 -13 -1 1 0 1 -0.0673399 0.0781278 -2.35006 0 0 0 
-29.4248 18.3267 1841.2 -12.1729 -12.98 202.219 19.8551 -13 -1 1 0 1 -0.0673922 0.0780047 -2.35917 0 0 0 
-29.5445 18.1982 1843.19 -12.1284 -13.1051 202.213 19.8626 -13 -1 1 0 1 -0.0674187 0.0778682 -2.36812 0 0 0 
-29.6638 18.0685 1845.18 -12.0826 -13.2302 202.208 19.8701 -13 -1 1 0 1 -0.0674429 0.077731 -2.37707 0 0 0 
-29.7826 17.9375 1847.18 -12.0355 -13.3553 202.202 19.8776 -13 -1 1 0 1 -0.0674653 0.0775935 -2.38602 0 0 0 
-29.9009 17.8053 1849.17 -11.9871 -13.4804 202.197 19.8851 -13 -1 1 0 1 -0.067486 0.0774557 -2.39496 0 0 0 
-30.0188 17.6719 1851.16 -11.9373 -13.6055 202.191 19.8927 -13 -1 1 0 1 -0.0675049 0.0773175 -2.40391 0 0 0 
-30.1362 17.5372 1853.15 -11.8862 -13.7305 202.186 19.9002 -13 -1 1 0 1 -0.067522 0.077179 -2.41286 0 0 0 
-30.253 17.4013 1855.14 -11.8338 -13.8555 202.181 19.9077 -13 -1 1 0 1 -0.0675374 0.0770402 -2.4218 0 0 0 
-30.3693 17.2642 1857.14 -11.78 -13.9805 202.175 19.9152 -13 -1 1 0 1 -0.067551 0.0769009 -2.43075 0 0 0 
-30.4851 17.1259 1859.13 -11.7249 -14.1054 202.17 19.9227 -13 -1 1 0 1 -0.0675628 0.0767614 -2.4397 0 0 0 
-30.6004 16.9863 1861.12 -11.6684 -14.2301 202.164 19.9303 -13 -1 1 0 1 -0.0675742 0.0766219 -2.44861 0 0 0 
-30.715 16.8455 1863.11 -11.6105 -14.3548 202.159 19.9378 -13 -1 1 0 1 -0.0675853 0.0764827 -2.45746 0 0 0 
-30.8291 16.7034 1865.1 -11.5513 -14.4794 202.153 19.9453 -13 -1 1 0 1 -0.0675716 0.0763316 -2.46614 0 0 0 
-30.9426 16.5601 1867.09 -11.4907 -14.6038 202.148 19.9528 -13 -1 1 0 1 -0.0675528 0.0761787 -2.4748 0 0 0 
-31.0555 16.4157 1869.09 -11.4288 -14.728 202.142 19.9603 -13 -1 1 0 1 -0.0675322 0.0760257 -2.48346 0 0 0 
-31.1678 16.2699 1871.08 -11.3655 -14.8521 202.137 19.9679 -13 -1 1 0 1 -0.0675096 0.0758724 -2.49211 0 0 0 
-31.2795 16.123 1873.07 -11.3007 -14.976 202.131 19.9754 -13 -1 1 0 1 -0.0674852 0.0757189 -2.50077 0 0 0 
-31.3035 16.091 1873.5 -11.2866 -15.0027 202.13 19.977 -13 -1 1 0 1 -0.0674796 0.0756854 -2.50264 0 0 0 
-31.3592 16.0164 1874.5 -11.2532 -15.0649 202.127 19.9808 -13 -1 1 0 1 -0.0678362 0.0748835 -2.50699 0 0 0 
-31.4147 15.9416 1875.5 -11.2193 -15.1271 202.124 19.9846 -13 -1 1 0 1 -0.071164 0.0682164 -2.51133 0 0 0 
-31.5248 15.7919 1877.49 -11.1471 -15.2527 202.119 19.9921 -13 -1 1 0 1 -0.0711641 0.0679098 -2.51999 0 0 0 
-31.6343 15.6411 1879.48 -11.0733 -15.378 202.114 19.9996 -13 -1 1 0 1 -0.0711599 0.0676039 -2.52865 0 0 0 
-31.743 15.4889 1881.47 -10.9981 -15.5031 202.108 20.0071 -13 -1 1 0 1 -0.0711514 0.067299 -2.5373 0 0 0 
-31.851 15.3356 1883.47 -10.9213 -15.6278 202.103 20.0146 -13 -1 1 0 1 -0.07114 0.0669953 -2.54591 0 0 0 
-31.9582 15.181 1885.46 -10.843 -15.7523 202.097 20.0222 -13 -1 1 0 1 -0.0711256 0.066693 -2.55448 0 0 0 
-32.0647 15.0252 1887.45 -10.7632 -15.8763 202.092 20.0297 -13 -1 1 0 1 -0.0710791 0.0663791 -2.56282 0 0 0 
-32.1703 14.8682 1889.44 -10.6819 -16.0001 202.086 20.0372 -13 -1 1 0 1 -0.0710283 0.0660664 -2.57115 0 0 0 
-32.2751 14.7099 1891.43 -10.5991 -16.1234 202.081 20.0447 -13 -1 1 0 1 -0.0709729 0.0657551 -2.57948 0 0 0 
-32.3792 14.5505 1893.42 -10.5147 -16.2463 202.075 20.0523 -13 -1 1 0 1 -0.0709131 0.0654451 -2.58781 0 0 0 
-32.4823 14.3898 1895.41 -10.4288 -16.3688 202.07 20.0598 -13 -1 1 0 1 -0.0708489 0.0651366 -2.59614 0 0 0 
-32.5846 14.2279 1897.4 -10.3414 -16.4908 202.065 20.0673 -13 -1 1 0 1 -0.0707802 0.0648295 -2.60447 0 0 0 
-32.6861 14.0649 1899.39 -10.2525 -16.6123 202.059 20.0748 -13 -1 1 0 1 -0.070707 0.064524 -2.6128 0 0 0 
-32.7867 13.9006 1901.38 -10.1621 -16.7334 202.054 20.0823 -13 -1 1 0 1 -0.0706295 0.0642201 -2.62114 0 0 0 
-32.8863 13.7351 1903.37 -10.0701 -16.854 202.048 20.0899 -13 -1 1 0 1 -0.0705476 0.0639178 -2.62947 0 0 0 
-32.9851 13.5685 1905.36 -9.97655 -16.974 202.043 20.0974 -13 -1 1 0 1 -0.0704624 0.0636176 -2.63777 0 0 0 
-33.0829 13.4007 1907.36 -9.88151 -17.0935 202.038 20.1049 -13 -1 1 0 1 -0.0703744 0.0633194 -2.64602 0 0 0 
-33.1798 13.2317 1909.35 -9.78494 -17.2125 202.032 20.1124 -13 -1 1 0 1 -0.0702563 0.0630123 -2.65401 0 0 0 
-33.2757 13.0615 1911.34 -9.68686 -17.3308 202.027 20.1199 -13 -1 1 0 1 -0.0701309 0.0627062 -2.66199 0 0 0 
-33.3706 12.8902 1913.33 -9.58725 -17.4485 202.021 20.1275 -13 -1 1 0 1 -0.070001 0.0624021 -2.66996 0 0 0 
-33.4646 12.7177 1915.32 -9.48613 -17.5655 202.016 20.135 -13 -1 1 0 1 -0.0698666 0.0621003 -2.67793 0 0 0 
-33.5576 12.5441 1917.31 -9.38349 -17.6819 202.011 20.1425 -13 -1 1 0 1 -0.0697279 0.0618008 -2.6859 0 0 0 
-33.6495 12.3693 1919.3 -9.27933 -17.7976 202.005 20.15 -13 -1 1 0 1 -0.0695848 0.0615035 -2.69387 0 0 0 
-33.7404 12.1934 1921.29 -9.17366 -17.9126 202 20.1575 -13 -1 1 0 1 -0.0694373 0.0612087 -2.70184 0 0 0 
-33.8303 12.0163 1923.28 -9.06648 -18.0269 201.995 20.1651 -13 -1 1 0 1 -0.0692855 0.0609163 -2.70981 0 0 0 
-33.919 11.8382 1925.27 -8.95778 -18.1404 201.989 20.1726 -13 -1 1 0 1 -0.0691294 0.0606264 -2.71779 0 0 0 
-34.0068 11.6589 1927.26 -8.84758 -18.2532 201.984 20.1801 -13 -1 1 0 1 -0.0689697 0.0603391 -2.72574 0 0 0 
-34.0934 11.4785 1929.25 -8.73587 -18.3651 201.979 20.1876 -13 -1 1 0 1 -0.0688078 0.0600548 -2.73363 0 0 0 
-34.1789 11.297 1931.24 -8.62267 -18.4763 201.973 20.1951 -13 -1 1 0 1 -0.0686183 0.0597642 -2.74127 0 0 0 
-34.2633 11.1144 1933.23 -8.50799 -18.5866 201.968 20.2027 -13 -1 1 0 1 -0.0684187 0.0594743 -2.74885 0 0 0 
-34.3465 10.9308 1935.22 -8.39182 -18.6961 201.963 20.2102 -13 -1 1 0 1 -0.0682148 0.0591874 -2.75642 0 0 0 
-34.4286 10.7461 1937.21 -8.27418 -18.8046 201.958 20.2177 -13 -1 1 0 1 -0.0680066 0.0589035 -2.764 0 0 0 
-34.5096 10.5603 1939.2 -8.15506 -18.9123 201.953 20.2252 -13 -1 1 0 1 -0.0677943 0.0586227 -2.77158 0 0 0 
-34.5893 10.3734 1941.19 -8.03447 -19.019 201.947 20.2328 -13 -1 1 0 1 -0.0675778 0.0583451 -2.77915 0 0 0 
-34.6679 10.1855 1943.18 -7.91243 -19.1248 201.942 20.2403 -13 -1 1 0 1 -0.0673571 0.0580706 -2.78673 0 0 0 
-34.7452 9.99656 1945.17 -7.78892 -19.2296 201.937 20.2478 -13 -1 1 0 1 -0.0671324 0.0577994 -2.79431 0 0 0 
-34.8213 9.80659 1947.15 -7.66396 -19.3335 201.932 20.2553 -13 -1 1 0 1 -0.0669036 0.0575315 -2.80188 0 0 0 
-34.8962 9.61561 1949.14 -7.53755 -19.4363 201.927 20.2628 -13 -1 1 0 1 -0.0666712 0.057267 -2.80945 0 0 0 
-34.9699 9.42362 1951.13 -7.40971 -19.5381 201.922 20.2704 -13 -1 1 0 1 -0.0664372 0.057006 -2.81695 0 0 0 
-35.0422 9.23063 1953.12 -7.28043 -19.6388 201.917 20.2779 -13 -1 1 0 1 -0.0661789 0.0567415 -2.82421 0 0 0 
-35.1133 9.03665 1955.11 -7.14975 -19.7385 201.912 20.2854 -13 -1 1 0 1 -0.0659078 0.0564776 -2.83136 0 0 0 
-35.1831 8.8417 1957.1 -7.01766 -19.837 201.907 20.2929 -13 -1 1 0 1 -0.0656327 0.0562174 -2.8385 0 0 0 
-35.2516 8.64578 1959.09 -6.88418 -19.9344 201.902 20.3004 -13 -1 1 0 1 -0.0653538 0.055961 -2.84565 0 0 0 
-35.3188 8.4489 1961.08 -6.74931 -20.0307 201.897 20.308 -13 -1 1 0 1 -0.065071 0.0557086 -2.8528 0 0 0 
-35.3846 8.25109 1963.07 -6.61306 -20.1258 201.892 20.3155 -13 -1 1 0 1 -0.0647845 0.05546 -2.85995 0 0 0 
-35.4491 8.05234 1965.06 -6.47544 -20.2196 201.887 20.323 -13 -1 1 0 1 -0.0644942 0.0552154 -2.8671 0 0 0 
-35.5122 7.85267 1967.05 -6.33646 -20.3123 201.882 20.3305 -13 -1 1 0 1 -0.0642003 0.0549747 -2.87424 0 0 0 
-35.5739 7.6521 1969.04 -6.19613 -20.4038 201.877 20.338 -13 -1 1 0 1 -0.0639027 0.0547381 -2.88139 0 0 0 
-35.6343 7.45063 1971.03 -6.05445 -20.494 201.872 20.3456 -13 -1 1 0 1 -0.0636016 0.0545056 -2.88854 0 0 0 
-35.6932 7.24828 1973.01 -5.91144 -20.5829 201.867 20.3531 -13 -1 1 0 1 -0.0632996 0.0542772 -2.89561 0 0 0 
-35.7507 7.04506 1975 -5.76711 -20.6706 201.862 20.3606 -13 -1 1 0 1 -0.0629773 0.0540477 -2.90246 0 0 0 
-35.8068 6.84098 1976.99 -5.62148 -20.7569 201.858 20.3681 -13 -1 1 0 1 -0.0626397 0.0538188 -2.90915 0 0 0 
-35.8615 6.63606 1978.98 -5.47458 -20.8419 201.853 20.3756 -13 -1 1 0 1 -0.0622987 0.0535944 -2.91583 0 0 0 
-35.9147 6.43031 1980.97 -5.3264 -20.9255 201.848 20.3832 -13 -1 1 0 1 -0.0619543 0.0533745 -2.92252 0 0 0 
-35.9664 6.22374 1982.96 -5.17697 -21.0077 201.844 20.3907 -13 -1 1 0 1 -0.0616067 0.0531592 -2.9292 0 0 0 
-36.0167 6.01637 1984.95 -5.02628 -21.0885 201.839 20.3982 -13 -1 1 0 1 -0.0612558 0.0529484 -2.93589 0 0 0 
-36.0655 5.80821 1986.93 -4.87436 -21.1679 201.834 20.4057 -13 -1 1 0 1 -0.0609017 0.0527423 -2.94257 0 0 0 
-36.1128 5.59927 1988.92 -4.72122 -21.2458 201.83 20.4133 -13 -1 1 0 1 -0.0605446 0.0525408 -2.94926 0 0 0 
-36.1585 5.38958 1990.91 -4.56687 -21.3223 201.825 20.4208 -13 -1 1 0 1 -0.0601844 0.052344 -2.95594 0 0 0 
-36.2027 5.17914 1992.9 -4.41131 -21.3973 201.821 20.4283 -13 -1 1 0 1 -0.0598212 0.0521519 -2.96262 0 0 0 
-36.2454 4.96796 1994.89 -4.25457 -21.4708 201.817 20.4358 -13 -1 1 0 1 -0.0594573 0.0519643 -2.96925 0 0 0 
-36.2866 4.75607 1996.88 -4.09667 -21.5428 201.812 20.4433 -13 -1 1 0 1 -0.0590777 0.0517777 -2.97567 0 0 0 
-36.3261 4.54348 1998.87 -3.93763 -21.6133 201.808 20.4509 -13 -1 1 0 1 -0.058681 0.051592 -2.98186 0 0 0 
-36.3383 4.47536 1999.5 -3.8866 -21.6354 201.806 20.4533 -13 -1 1 0 1 -0.0585534 0.0515336 -2.98383 0 0 0 
-36.3758 4.26187 2001.49 -3.72609 -21.7038 201.802 20.4608 -13 -1 1 0 1 -0.058153 0.0513545 -2.99003 0 0 0 
-36.4117 4.04771 2003.48 -3.56448 -21.7706 201.798 20.4683 -13 -1 1 0 1 -0.0577499 0.0511805 -2.99622 0 0 0 
-36.446 3.8329 2005.46 -3.40178 -21.8357 201.794 20.4758 -13 -1 1 0 1 -0.0573443 0.0510117 -3.00241 0 0 0 
-36.4787 3.61745 2007.45 -3.23801 -21.8993 201.789 20.4833 -13 -1 1 0 1 -0.0569361 0.0508479 -3.0086 0 0 0 
-36.5098 3.40139 2009.44 -3.07319 -21.9611 201.785 20.4909 -13 -1 1 0 1 -0.0565254 0.0506894 -3.01479 0 0 0 
-36.5393 3.18473 2011.43 -2.90733 -22.0214 201.781 20.4984 -13 -1 1 0 1 -0.0561124 0.050536 -3.02098 0 0 0 
-36.5671 2.96748 2013.42 -2.74045 -22.0799 201.777 20.5059 -13 -1 1 0 1 -0.055697 0.0503877 -3.02717 0 0 0 
-36.5933 2.74966 2015.4 -2.57256 -22.1368 201.773 20.5134 -13 -1 1 0 1 -0.0552795 0.0502447 -3.03336 0 0 0 
-36.6178 2.53129 2017.39 -2.40368 -22.1919 201.769 20.5209 -13 -1 1 0 1 -0.0548621 0.0501066 -3.03948 0 0 0 
-36.6406 2.31239 2019.38 -2.23384 -22.2453 201.765 20.5285 -13 -1 1 0 1 -0.054425 0.049969 -3.04529 0 0 0 
-36.6618 2.09296 2021.37 -2.06307 -22.2969 201.761 20.536 -13 -1 1 0 1 -0.0539776 0.0498347 -3.05096 0 0 0 
-36.6813 1.87304 2023.36 -1.89139 -22.3468 201.757 20.5435 -13 -1 1 0 1 -0.0535283 0.0497059 -3.05663 0 0 0 
-36.6991 1.65264 2025.34 -1.71881 -22.3949 201.754 20.551 -13 -1 1 0 1 -0.0530771 0.0495826 -3.06229 0 0 0 
-36.7151 1.43177 2027.33 -1.54537 -22.4411 201.75 20.5585 -13 -1 1 0 1 -0.0526241 0.0494648 -3.06796 0 0 0 
-36.7295 1.21046 2029.32 -1.37107 -22.4856 201.746 20.5661 -13 -1 1 0 1 -0.0521693 0.0493525 -3.07363 0 0 0 
-36.7422 0.988711 2031.31 -1.19593 -22.5282 201.743 20.5736 -13 -1 1 0 1 -0.0517129 0.0492458 -3.07929 0 0 0 
-36.7531 0.766556 2033.29 -1.01997 -22.569 201.739 20.5811 -13 -1 1 0 1 -0.0512548 0.0491446 -3.08496 0 0 0 
-36.7623 0.544008 2035.28 -0.843213 -22.6079 201.735 20.5886 -13 -1 1 0 1 -0.0507953 0.049049 -3.09062 0 0 0 
-36.7697 0.321087 2037.27 -0.665675 -22.6449 201.732 20.5962 -13 -1 1 0 1 -0.0503343 0.0489589 -3.09629 0 0 0 
-36.7754 0.0978096 2039.26 -0.487377 -22.68 201.728 20.6037 -13 -1 1 0 1 -0.0498739 0.0488739 -3.1019 0 0 0 
-36.7793 -0.125804 2041.24 -0.308346 -22.7133 201.725 20.6112 -13 -1 1 0 1 -0.0493991 0.048791 -3.10723 0 0 0 
-36.7814 -0.349736 2043.23 -0.128624 -22.7445 201.722 20.6187 -13 -1 1 0 1 -0.048913 0.0487111 -3.11234 0 0 0 
-36.7818 -0.573966 2045.22 0.051768 -22.7739 201.718 20.6262 -13 -1 1 0 1 -0.0484257 0.0486371 -3.11746 0 0 0 
-36.7804 -0.798476 2047.21 0.232808 -22.8013 201.715 20.6338 -13 -1 1 0 1 -0.0479374 0.0485688 -3.12257 0 0 0 
-36.7772 -1.02325 2049.19 0.414475 -22.8267 201.712 20.6413 -13 -1 1 0 1 -0.0474481 0.0485062 -3.12769 0 0 0 
-36.7723 -1.24826 2051.18 0.596749 -22.8502 201.709 20.6488 -13 -1 1 0 1 -0.0469578 0.0484495 -3.1328 0 0 0 
-36.7655 -1.47349 2053.17 0.779609 -22.8716 201.706 20.6563 -13 -1 1 0 1 -0.0464667 0.0483985 -3.13792 0 0 0 
-36.7569 -1.69892 2055.16 0.963033 -22.8911 201.703 20.6638 -13 -1 1 0 1 -0.0459748 0.0483532 -3.14304 0 0 0 
-36.7465 -1.92454 2057.14 1.147 -22.9085 201.7 20.6714 -13 -1 1 0 1 -0.0454823 0.0483137 -3.14815 0 0 0 
-36.7343 -2.15032 2059.13 1.33149 -22.9239 201.697 20.6789 -13 -1 1 0 1 -0.0449893 0.0482799 -3.15327 0 0 0 
-36.7203 -2.37624 2061.12 1.51647 -22.9373 201.694 20.6864 -13 -1 1 0 1 -0.0444973 0.0482513 -3.15834 0 0 0 
-36.7044 -2.60228 2063.1 1.70193 -22.9487 201.692 20.6939 -13 -1 1 0 1 -0.0439959 0.0482257 -3.16316 0 0 0 
-36.6867 -2.82842 2065.09 1.88781 -22.9579 201.689 20.7014 -13 -1 1 0 1 -0.0434829 0.048203 -3.1677 0 0 0 
-36.6672 -3.05464 2067.08 2.07409 -22.9651 201.686 20.709 -13 -1 1 0 1 -0.0429696 0.0481861 -3.17224 0 0 0 
-36.6458 -3.28093 2069.07 2.26074 -22.9703 201.684 20.7165 -13 -1 1 0 1 -0.0424562 0.0481751 -3.17679 0 0 0 
-36.6227 -3.50725 2071.05 2.44775 -22.9733 201.681 20.724 -13 -1 1 0 1 -0.0419427 0.0481698 -3.18133 0 0 0 
-36.5976 -3.7336 2073.04 2.63508 -22.9742 201.679 20.7315 -13 -1 1 0 1 -0.0414291 0.0481704 -3.18587 0 0 0 
-36.5707 -3.95994 2075.03 2.82272 -22.9731 201.676 20.739 -13 -1 1 0 1 -0.0409157 0.0481767 -3.19041 0 0 0 
-36.542 -4.18626 2077.01 3.01064 -22.9698 201.674 20.7466 -13 -1 1 0 1 -0.0404024 0.0481888 -3.19495 0 0 0 
-36.5114 -4.41254 2079 3.19882 -22.9644 201.672 20.7541 -13 -1 1 0 1 -0.0398893 0.0482066 -3.19949 0 0 0 
-36.479 -4.63875 2080.99 3.38723 -22.9568 201.669 20.7616 -13 -1 1 0 1 -0.0393765 0.0482301 -3.20403 0 0 0 
-36.4447 -4.86488 2082.97 3.57586 -22.9472 201.667 20.7691 -13 -1 1 0 1 -0.0388652 0.0482588 -3.20854 0 0 0 
-36.4085 -5.09091 2084.96 3.76466 -22.9354 201.665 20.7767 -13 -1 1 0 1 -0.0383493 0.0482911 -3.21283 0 0 0 
-36.3705 -5.3168 2086.95 3.9536 -22.9214 201.663 20.7842 -13 -1 1 0 1 -0.0378222 0.0483257 -3.21678 0 0 0 
-36.3306 -5.54255 2088.93 4.14264 -22.9053 201.661 20.7917 -13 -1 1 0 1 -0.0372957 0.048366 -3.22072 0 0 0 
-36.2889 -5.76813 2090.92 4.33176 -22.887 201.659 20.7992 -13 -1 1 0 1 -0.03677 0.048412 -3.22467 0 0 0 
-36.2452 -5.99352 2092.91 4.52094 -22.8666 201.657 20.8067 -13 -1 1 0 1 -0.036245 0.0484638 -3.22861 0 0 0 
-36.1998 -6.2187 2094.89 4.71014 -22.844 201.656 20.8143 -13 -1 1 0 1 -0.0357209 0.0485211 -3.23255 0 0 0 
-36.1524 -6.44364 2096.88 4.89935 -22.8192 201.654 20.8218 -13 -1 1 0 1 -0.0351977 0.0485841 -3.2365 0 0 0 
-36.1032 -6.66833 2098.87 5.08853 -22.7922 201.652 20.8293 -13 -1 1 0 1 -0.0346756 0.0486527 -3.24044 0 0 0 
-36.0522 -6.89274 2100.86 5.27767 -22.7631 201.651 20.8368 -13 -1 1 0 1 -0.0341545 0.0487268 -3.24438 0 0 0 
-35.9992 -7.11686 2102.84 5.46674 -22.7317 201.649 20.8443 -13 -1 1 0 1 -0.0336345 0.0488064 -3.24833 0 0 0 
-35.9444 -7.34065 2104.83 5.65572 -22.6982 201.648 20.8519 -13 -1 1 0 1 -0.0331166 0.0488911 -3.25225 0 0 0 
-35.8878 -7.5641 2106.82 5.84457 -22.6625 201.646 20.8594 -13 -1 1 0 1 -0.032598 0.0489795 -3.25601 0 0 0 
-35.8293 -7.7872 2108.8 6.03325 -22.6247 201.645 20.8669 -13 -1 1 0 1 -0.0320695 0.0490694 -3.25934 0 0 0 
-35.7689 -8.0099 2110.79 6.22172 -22.5846 201.644 20.8744 -13 -1 1 0 1 -0.0315426 0.0491647 -3.26267 0 0 0 
-35.7067 -8.2322 2112.78 6.40996 -22.5423 201.643 20.8819 -13 -1 1 0 1 -0.0310172 0.0492654 -3.266 0 0 0 
-35.6426 -8.45408 2114.76 6.59794 -22.4979 201.642 20.8895 -13 -1 1 0 1 -0.0304934 0.0493715 -3.26933 0 0 0 
-35.5767 -8.6755 2116.75 6.78563 -22.4512 201.641 20.897 -13 -1 1 0 1 -0.0299713 0.0494829 -3.27266 0 0 0 
-35.5089 -8.89646 2118.73 6.97302 -22.4024 201.64 20.9045 -13 -1 1 0 1 -0.0294509 0.0495996 -3.27599 0 0 0 
-35.4393 -9.11692 2120.72 7.16008 -22.3513 201.639 20.912 -13 -1 1 0 1 -0.0289324 0.0497216 -3.27931 0 0 0 
-35.3678 -9.33687 2122.71 7.34677 -22.2981 201.638 20.9195 -13 -1 1 0 1 -0.0284157 0.0498487 -3.28264 0 0 0 
-35.3386 -9.42434 2123.5 7.42109 -22.2763 201.638 20.9225 -13 -1 1 0 1 -0.0282101 0.0499009 -3.28397 0 0 0 
-35.3013 -9.53468 2124.5 7.51507 -22.2482 201.637 20.9263 -13 -1 1 0 1 -0.0277251 0.0491318 -3.28564 0 0 0 
-29.4473 -19.3604 2223.83 15.8096 -16.806 201.684 21.3024 -13 -1 1 0 1 -0.00208072 0.0560746 -3.37009 0 0 0 
-20.3995 -25.4514 2323.23 20.0694 -7.52315 201.865 21.6784 -13 -1 1 0 1 0.0123248 0.0696254 -3.31442 0 0 0 
-10.558 -26.6662 2422.72 19.037 2.41824 202.091 22.0545 -13 -1 1 0 1 0.0121232 0.0783514 -3.13568 0 0 0 
-2.33329 -23.4515 2522.32 13.8468 10.0935 202.276 22.4305 -13 -1 1 0 1 0.00351932 0.0746138 -2.86739 0 0 0 
2.1527 -18.5016 2604.77 8.08643 13.7869 202.37 22.7416 -13 -1 1 0 1 -0.00357131 0.0624769 -2.60467 0 0 0 
4.40783 -11.2252 2704.48 1.20336 15.2835 202.42 23.1176 -13 -1 1 0 1 -0.00744122 0.0422417 -2.26923 0 0 0 
4.36272 -7.80551 2749.86 -1.55517 15.1551 202.428 23.2888 -13 -1 1 0 1 -0.00722973 0.0327648 -2.11763 0 0 0 
4.36157 -7.79511 2750 -1.56314 15.1541 202.428 23.2893 -13 -1 1 0 1 -0.00722722 0.0327365 -2.11717 0 0 0 
4.32861 -7.49754 2753.98 -1.79 15.1247 202.428 23.3043 -13 -1 1 0 1 -0.0071552 0.0319274 -2.10409 0 0 0 
2.18719 -0.346222 2853.7 -6.63231 13.7307 202.427 23.6803 -13 -1 1 0 1 -0.00332034 0.0136244 -1.78732 0 0 0 
0.549113 2.5647 2898.01 -8.27161 12.8597 202.423 23.8474 -13 -1 1 0 1 -0.000790962 0.00704999 -1.65636 0 0 0 
-4.24025 8.38264 2997.72 -10.9614 10.7551 202.418 24.2235 -13 -1 1 0 1 0.00529701 -0.00396941 -1.38823 0 0 0 
-10.0729 13.1836 3097.43 -12.57 8.78024 202.42 24.5995 -13 -1 1 0 1 0.0106489 -0.0104263 -1.15821 0 0 0 
-16.5048 17.0858 3197.15 -13.4471 7.12135 202.429 24.9755 -13 -1 1 0 1 0.0145366 -0.0135612 -0.965102 0 0 0 
-23.2463 20.2574 3296.87 -13.8644 5.81207 202.443 25.3516 -13 -1 1 0 1 0.0169004 -0.0145614 -0.804975 0 0 0 
-30.1197 22.8639 3396.6 -14.0079 4.81835 202.459 25.7276 -13 -1 1 0 1 0.0179855 -0.0143151 -0.672984 0 0 0 
-33.0193 23.781 3438.5 -14.017 4.4815 202.466 25.8856 -13 -1 1 0 1 0.0181411 -0.0139689 -0.624823 0 0 0 
-33.0193 23.781 3438.5 -14.017 4.4815 202.466 25.8856 -13 -1 1 0 1 0.0181411 -0.0139689 -0.624823 0 0 0 

