# TuneParticle
#x y z Px Py Pz t PDGid EventID TrackID ParentID Weight Bx By Bz Ex Ey Ez
# Event -2 Track 1
0 0 -3437.5 0 0 203 0 -13 -2 1 0 1 -3.02525e-20 -0.000336186 0.0220772 0 0 0 
0.00253408 -2.88909e-06 -3337.5 0.0103953 -1.80011e-05 203 0.376041 -13 -2 1 0 1 -2.60514e-08 -0.000357605 0.0240272 0 0 0 
0.0103516 -2.47943e-05 -3237.5 0.0214602 -7.90792e-05 203 0.752083 -13 -2 1 0 1 -1.18563e-07 -0.000380875 0.0261988 0 0 0 
0.0237961 -8.99315e-05 -3137.5 0.0332501 -0.000195879 203 1.12812 -13 -2 1 0 1 -3.04338e-07 -0.000406059 0.0286196 0 0 0 
0.0432397 -0.000229522 -3037.5 0.0458276 -0.000384335 203 1.50417 -13 -2 1 0 1 -6.1907e-07 -0.00043347 0.0313276 0 0 0 
0.0690867 -0.000483619 -2937.5 0.0592593 -0.000664515 203 1.88021 -13 -2 1 0 1 -1.11004e-06 -0.00046321 0.0343616 0 0 0 
0.101776 -0.000903408 -2837.5 0.0736208 -0.00106178 203 2.25625 -13 -2 1 0 1 -1.84017e-06 -0.000495622 0.0377724 0 0 0 
0.141785 -0.00155415 -2737.5 0.0889916 -0.00160815 203 2.63229 -13 -2 1 0 1 -2.89268e-06 -0.000530867 0.041615 0 0 0 
0.189633 -0.00251889 -2637.5 0.105462 -0.00234424 203 3.00833 -13 -2 1 0 1 -4.37838e-06 -0.000569307 0.0459581 0 0 0 
0.245885 -0.00390326 -2537.5 0.123127 -0.0033215 203 3.38437 -13 -2 1 0 1 -6.44426e-06 -0.000611171 0.0508806 0 0 0 
0.311154 -0.00584158 -2437.5 0.142093 -0.00460555 203 3.76041 -13 -2 1 0 1 -9.28606e-06 -0.000656815 0.0564768 0 0 0 
0.38611 -0.0085047 -2337.5 0.16247 -0.00627989 203 4.13646 -13 -2 1 0 1 -1.31653e-05 -0.000706541 0.0628614 0 0 0 
0.471475 -0.0121102 -2237.5 0.18438 -0.0084516 203 4.5125 -13 -2 1 0 1 -1.84296e-05 -0.000760613 0.0701657 0 0 0 
0.568036 -0.0169353 -2137.5 0.207941 -0.0112576 203 4.88854 -13 -2 1 0 1 -2.55474e-05 -0.000819329 0.0785572 0 0 0 
0.676636 -0.0233343 -2037.5 0.233284 -0.0148745 203 5.26458 -13 -2 1 0 1 -3.51424e-05 -0.000882796 0.0882245 0 0 0 
0.798184 -0.0317601 -1937.5 0.260525 -0.0195296 203 5.64062 -13 -2 1 0 1 -4.80664e-05 -0.000951306 0.0994202 0 0 0 
0.933642 -0.0427937 -1837.5 0.28978 -0.0255176 203 6.01666 -13 -2 1 0 1 -6.54464e-05 -0.0010244 0.112416 0 0 0 
1.08402 -0.0571814 -1737.5 0.321124 -0.03322 203 6.3927 -13 -2 1 0 1 -8.88448e-05 -0.00110206 0.127594 0 0 0 
1.25037 -0.0758851 -1637.5 0.354601 -0.0431336 203 6.76875 -13 -2 1 0 1 -0.000120317 -0.00118264 0.145357 0 0 0 
1.43373 -0.100146 -1537.5 0.390155 -0.0559036 203 7.14479 -13 -2 1 0 1 -0.000162751 -0.00126507 0.166292 0 0 0 
1.63507 -0.131568 -1437.5 0.427607 -0.0723714 203 7.52083 -13 -2 1 0 1 -0.000219908 -0.00134504 0.191005 0 0 0 
1.85526 -0.172232 -1337.5 0.46655 -0.0936287 202.999 7.89687 -13 -2 1 0 1 -0.000297129 -0.00141864 0.220415 0 0 0 
2.09485 -0.22483 -1237.5 0.506235 -0.12109 202.999 8.27291 -13 -2 1 0 1 -0.000401232 -0.00147564 0.255445 0 0 0 
2.35393 -0.292846 -1137.5 0.545364 -0.156568 202.999 8.64895 -13 -2 1 0 1 -0.000541922 -0.00150481 0.297541 0 0 0 
2.63172 -0.380774 -1037.5 0.581791 -0.202355 202.999 9.02499 -13 -2 1 0 1 -0.000731145 -0.00148292 0.348137 0 0 0 
2.92612 -0.494363 -937.503 0.612059 -0.261271 202.999 9.40104 -13 -2 1 0 1 -0.000985366 -0.00138026 0.409462 0 0 0 
3.23284 -0.640879 -837.503 0.630685 -0.336613 202.999 9.77708 -13 -2 1 0 1 -0.00132337 -0.00114483 0.483759 0 0 0 
3.54419 -0.82928 -737.504 0.629131 -0.431904 202.999 10.1531 -13 -2 1 0 1 -0.0017681 -0.000703981 0.574337 0 0 0 
3.84725 -1.07017 -637.505 0.594341 -0.550111 202.998 10.5292 -13 -2 1 0 1 -0.00233983 5.48344e-05 0.684594 0 0 0 
4.12114 -1.37518 -537.506 0.506827 -0.69199 202.998 10.9052 -13 -2 1 0 1 -0.00305127 0.00129088 0.81912 0 0 0 
4.33339 -1.75506 -437.507 0.3386 -0.85252 202.998 11.2812 -13 -2 1 0 1 -0.00388557 0.00322627 0.982322 0 0 0 
4.43531 -2.21547 -337.508 0.0518025 -1.01454 202.997 11.6573 -13 -2 1 0 1 -0.00477004 0.00614514 1.17925 0 0 0 
4.3575 -2.7485 -237.509 -0.398927 -1.13809 202.996 12.0333 -13 -2 1 0 1 -0.00552906 0.0103584 1.41344 0 0 0 
4.02389 -3.29256 -141.987 -1.02172 -1.14977 202.994 12.3925 -13 -2 1 0 1 -0.00583933 0.0158227 1.6735 0 0 0 
3.31589 -3.81758 -41.9908 -1.88703 -0.929541 202.989 12.7686 -13 -2 1 0 1 -0.0053398 0.023039 1.9802 0 0 0 
2.82153 -3.95387 7.10543e-15 -2.30423 -0.727164 202.986 12.9265 -13 -2 1 0 1 -0.00467555 0.0263761 2.11748 0 0 0 
1.43179 -4.12636 99.99 -3.33556 0.119827 202.973 13.3025 -13 -2 1 0 1 -0.00242043 0.0348005 2.45412 0 0 0 
0.589039 -4.02794 147.936 -3.78889 0.735979 202.963 13.4829 -13 -2 1 0 1 -0.000975351 0.0387143 2.61473 0 0 0 
-1.45553 -3.26378 247.912 -4.41766 2.45747 202.937 13.8589 -13 -2 1 0 1 0.00211108 0.0458084 2.92835 0 0 0 
-3.63751 -1.54332 347.873 -4.2863 4.55409 202.904 14.2349 -13 -2 1 0 1 0.0038071 0.0509143 3.18088 0 0 0 
-5.51578 1.19826 447.817 -3.17991 6.49585 202.871 14.611 -13 -2 1 0 1 0.00256949 0.054653 3.33495 0 0 0 
-6.64445 4.72587 547.748 -1.32181 7.65272 202.851 14.987 -13 -2 1 0 1 -0.00151898 0.0586313 3.35958 0 0 0 
-6.76377 7.66376 624.5 0.219439 7.77926 202.851 15.2759 -13 -2 1 0 1 -0.00527045 0.0625523 3.2825 0 0 0 
-6.7626 7.7021 625.5 0.238408 7.77656 202.851 15.2796 -13 -2 1 0 1 -0.00567034 0.0622957 3.28082 0 0 0 
-6.76006 7.77868 627.499 0.277004 7.76987 202.851 15.2871 -13 -2 1 0 1 -0.00704644 0.0612919 3.27748 0 0 0 
-6.75714 7.8552 629.497 0.315393 7.76275 202.851 15.2947 -13 -2 1 0 1 -0.0071602 0.0613977 3.27414 0 0 0 
-6.75384 7.93164 631.496 0.35357 7.75519 202.852 15.3022 -13 -2 1 0 1 -0.00727325 0.0615052 3.2708 0 0 0 
-6.75017 8.00801 633.494 0.391531 7.7472 202.852 15.3097 -13 -2 1 0 1 -0.00738558 0.0616145 3.26746 0 0 0 
-6.74613 8.0843 635.493 0.42927 7.73879 202.852 15.3172 -13 -2 1 0 1 -0.00749716 0.0617256 3.26412 0 0 0 
-6.74171 8.1605 637.491 0.466783 7.72994 202.852 15.3247 -13 -2 1 0 1 -0.00760796 0.0618384 3.26078 0 0 0 
-6.73693 8.23661 639.49 0.504064 7.72068 202.853 15.3323 -13 -2 1 0 1 -0.00771795 0.061953 3.25744 0 0 0 
-6.73178 8.31263 641.488 0.541108 7.711 202.853 15.3398 -13 -2 1 0 1 -0.00782711 0.0620693 3.2541 0 0 0 
-6.72627 8.38855 643.487 0.577911 7.7009 202.853 15.3473 -13 -2 1 0 1 -0.00793526 0.0621867 3.25073 0 0 0 
-6.7204 8.46437 645.485 0.614465 7.69039 202.853 15.3548 -13 -2 1 0 1 -0.00803998 0.0622949 3.24683 0 0 0 
-6.71416 8.54008 647.484 0.650762 7.67948 202.854 15.3624 -13 -2 1 0 1 -0.00814404 0.0624047 3.2429 0 0 0 
-6.70757 8.61569 649.483 0.686796 7.66817 202.854 15.3699 -13 -2 1 0 1 -0.0082473 0.0625162 3.23895 0 0 0 
-6.70063 8.69118 651.481 0.722564 7.65646 202.854 15.3774 -13 -2 1 0 1 -0.0083496 0.0626294 3.235 0 0 0 
-6.69334 8.76655 653.48 0.758059 7.64436 202.855 15.3849 -13 -2 1 0 1 -0.00845092 0.0627443 3.23104 0 0 0 
-6.68569 8.8418 655.478 0.793279 7.63187 202.855 15.3924 -13 -2 1 0 1 -0.00855123 0.0628608 3.22709 0 0 0 
-6.67771 8.91693 657.477 0.828219 7.61899 202.855 15.4 -13 -2 1 0 1 -0.00865051 0.0629789 3.22314 0 0 0 
-6.66938 8.99193 659.475 0.862874 7.60573 202.856 15.4075 -13 -2 1 0 1 -0.00874874 0.0630987 3.21919 0 0 0 
-6.66071 9.0668 661.474 0.89724 7.5921 202.856 15.415 -13 -2 1 0 1 -0.00884589 0.0632201 3.21523 0 0 0 
-6.6517 9.14153 663.473 0.931313 7.57809 202.856 15.4225 -13 -2 1 0 1 -0.00894194 0.0633431 3.21128 0 0 0 
-6.64236 9.21612 665.471 0.965088 7.56372 202.857 15.43 -13 -2 1 0 1 -0.00903687 0.0634676 3.20733 0 0 0 
-6.63268 9.29056 667.47 0.99856 7.54898 202.857 15.4376 -13 -2 1 0 1 -0.00912744 0.0635818 3.20285 0 0 0 
-6.62268 9.36486 669.468 1.03172 7.53389 202.858 15.4451 -13 -2 1 0 1 -0.00921705 0.0636975 3.19832 0 0 0 
-6.61235 9.43901 671.467 1.06457 7.51844 202.858 15.4526 -13 -2 1 0 1 -0.00930564 0.0638146 3.19378 0 0 0 
-6.6017 9.51301 673.466 1.0971 7.50265 202.858 15.4601 -13 -2 1 0 1 -0.00939304 0.0639333 3.18923 0 0 0 
-6.59074 9.58685 675.464 1.1293 7.48652 202.859 15.4676 -13 -2 1 0 1 -0.00947922 0.0640534 3.18468 0 0 0 
-6.57945 9.66053 677.463 1.16118 7.47005 202.859 15.4752 -13 -2 1 0 1 -0.00956416 0.0641751 3.18014 0 0 0 
-6.56786 9.73404 679.461 1.19273 7.45325 202.86 15.4827 -13 -2 1 0 1 -0.00964784 0.0642982 3.17559 0 0 0 
-6.55595 9.80739 681.46 1.22394 7.43612 202.86 15.4902 -13 -2 1 0 1 -0.00973024 0.0644228 3.17104 0 0 0 
-6.54374 9.88056 683.459 1.25482 7.41866 202.861 15.4977 -13 -2 1 0 1 -0.00981135 0.0645489 3.1665 0 0 0 
-6.53123 9.95357 685.457 1.28536 7.40089 202.861 15.5052 -13 -2 1 0 1 -0.00989115 0.0646763 3.16195 0 0 0 
-6.51842 10.0264 687.456 1.31555 7.3828 202.861 15.5128 -13 -2 1 0 1 -0.00996962 0.0648052 3.1574 0 0 0 
-6.50531 10.099 689.454 1.34539 7.36441 202.862 15.5203 -13 -2 1 0 1 -0.0100433 0.0649239 3.15238 0 0 0 
-6.49191 10.1715 691.453 1.37489 7.34571 202.862 15.5278 -13 -2 1 0 1 -0.0101156 0.0650429 3.14729 0 0 0 
-6.47822 10.2438 693.452 1.40402 7.32673 202.863 15.5353 -13 -2 1 0 1 -0.0101867 0.0651634 3.14217 0 0 0 
-6.46424 10.3159 695.45 1.43279 7.30745 202.863 15.5429 -13 -2 1 0 1 -0.0102564 0.0652852 3.13705 0 0 0 
-6.44999 10.3878 697.449 1.4612 7.28789 202.864 15.5504 -13 -2 1 0 1 -0.0103247 0.0654083 3.13193 0 0 0 
-6.43545 10.4595 699.448 1.48924 7.26804 202.864 15.5579 -13 -2 1 0 1 -0.0103916 0.0655326 3.12681 0 0 0 
-6.42064 10.531 701.446 1.51691 7.24793 202.865 15.5654 -13 -2 1 0 1 -0.0104571 0.0656583 3.12169 0 0 0 
-6.40556 10.6023 703.445 1.54421 7.22754 202.865 15.5729 -13 -2 1 0 1 -0.0105212 0.0657852 3.11657 0 0 0 
-6.39022 10.6734 705.444 1.57114 7.20689 202.866 15.5805 -13 -2 1 0 1 -0.0105838 0.0659133 3.11145 0 0 0 
-6.37461 10.7443 707.442 1.59769 7.18598 202.866 15.588 -13 -2 1 0 1 -0.0106449 0.0660427 3.10632 0 0 0 
-6.35874 10.815 709.441 1.62385 7.16482 202.867 15.5955 -13 -2 1 0 1 -0.0107046 0.0661733 3.1012 0 0 0 
-6.34261 10.8855 711.44 1.64964 7.14341 202.868 15.603 -13 -2 1 0 1 -0.0107593 0.0662938 3.09566 0 0 0 
-6.32623 10.9557 713.439 1.67504 7.12176 202.868 15.6105 -13 -2 1 0 1 -0.0108121 0.0664137 3.09003 0 0 0 
-6.30961 11.0258 715.437 1.70005 7.09988 202.869 15.6181 -13 -2 1 0 1 -0.0108637 0.0665348 3.08436 0 0 0 
-6.29273 11.0956 717.436 1.72466 7.07777 202.869 15.6256 -13 -2 1 0 1 -0.0109137 0.0666571 3.07869 0 0 0 
-6.27562 11.1653 719.435 1.74888 7.05544 202.87 15.6331 -13 -2 1 0 1 -0.0109623 0.0667804 3.07302 0 0 0 
-6.25828 11.2347 721.433 1.77271 7.03289 202.87 15.6406 -13 -2 1 0 1 -0.0110094 0.0669048 3.06735 0 0 0 
-6.24069 11.3038 723.432 1.79614 7.01012 202.871 15.6481 -13 -2 1 0 1 -0.0110549 0.0670302 3.06168 0 0 0 
-6.22288 11.3728 725.431 1.81917 6.98715 202.872 15.6557 -13 -2 1 0 1 -0.0110989 0.0671566 3.05601 0 0 0 
-6.20485 11.4415 727.43 1.84179 6.96398 202.872 15.6632 -13 -2 1 0 1 -0.0111414 0.0672841 3.05034 0 0 0 
-6.18659 11.51 729.428 1.86402 6.94062 202.873 15.6707 -13 -2 1 0 1 -0.0111824 0.0674126 3.04467 0 0 0 
-6.16812 11.5783 731.427 1.88583 6.91706 202.873 15.6782 -13 -2 1 0 1 -0.0112218 0.067542 3.039 0 0 0 
-6.14944 11.6463 733.426 1.90725 6.89332 202.874 15.6857 -13 -2 1 0 1 -0.0112562 0.0676618 3.03296 0 0 0 
-6.13054 11.7141 735.425 1.92825 6.8694 202.875 15.6933 -13 -2 1 0 1 -0.0112883 0.0677797 3.02681 0 0 0 
-6.11144 11.7817 737.423 1.94884 6.84531 202.875 15.7008 -13 -2 1 0 1 -0.0113192 0.0678987 3.02062 0 0 0 
-6.09214 11.849 739.422 1.96902 6.82106 202.876 15.7083 -13 -2 1 0 1 -0.0113485 0.0680186 3.01443 0 0 0 
-6.07265 11.9161 741.421 1.98879 6.79665 202.876 15.7158 -13 -2 1 0 1 -0.0113763 0.0681394 3.00823 0 0 0 
-6.05296 11.9829 743.42 2.00814 6.77209 202.877 15.7234 -13 -2 1 0 1 -0.0114026 0.0682609 3.00204 0 0 0 
-6.03308 12.0495 745.418 2.02708 6.74738 202.878 15.7309 -13 -2 1 0 1 -0.0114273 0.0683833 2.99585 0 0 0 
-6.01301 12.1159 747.417 2.04559 6.72252 202.878 15.7384 -13 -2 1 0 1 -0.0114505 0.0685065 2.98965 0 0 0 
-5.99277 12.182 749.416 2.0637 6.69753 202.879 15.7459 -13 -2 1 0 1 -0.0114721 0.0686305 2.98346 0 0 0 
-5.99191 12.1847 749.5 2.06445 6.69648 202.879 15.7462 -13 -2 1 0 1 -0.011473 0.0686357 2.9832 0 0 0 
-5.97149 12.2506 751.499 2.08211 6.67134 202.88 15.7538 -13 -2 1 0 1 -0.0114942 0.0687599 2.97701 0 0 0 
-5.95089 12.3162 753.498 2.09936 6.64609 202.88 15.7613 -13 -2 1 0 1 -0.0115127 0.0688854 2.97081 0 0 0 
-5.93012 12.3816 755.496 2.11619 6.62071 202.881 15.7688 -13 -2 1 0 1 -0.0115262 0.0690011 2.96429 0 0 0 
-5.90919 12.4467 757.495 2.1326 6.59522 202.882 15.7763 -13 -2 1 0 1 -0.0115373 0.0691144 2.95765 0 0 0 
-5.8881 12.5115 759.494 2.14859 6.56962 202.882 15.7838 -13 -2 1 0 1 -0.0115472 0.0692286 2.95097 0 0 0 
-5.86686 12.5761 761.493 2.16415 6.54393 202.883 15.7914 -13 -2 1 0 1 -0.0115556 0.0693434 2.94428 0 0 0 
-5.84546 12.6405 763.492 2.1793 6.51814 202.884 15.7989 -13 -2 1 0 1 -0.0115625 0.0694589 2.93759 0 0 0 
-5.82392 12.7045 765.491 2.19402 6.49225 202.884 15.8064 -13 -2 1 0 1 -0.0115679 0.0695749 2.93091 0 0 0 
-5.80223 12.7684 767.49 2.20832 6.46629 202.885 15.8139 -13 -2 1 0 1 -0.0115718 0.0696916 2.92422 0 0 0 
-5.7804 12.832 769.488 2.22219 6.44024 202.886 15.8214 -13 -2 1 0 1 -0.0115742 0.0698088 2.91753 0 0 0 
-5.75844 12.8953 771.487 2.23565 6.41412 202.886 15.829 -13 -2 1 0 1 -0.0115751 0.0699266 2.91085 0 0 0 
-5.73635 12.9583 773.486 2.24868 6.38793 202.887 15.8365 -13 -2 1 0 1 -0.0115746 0.0700449 2.90416 0 0 0 
-5.71414 13.0211 775.485 2.26129 6.36167 202.888 15.844 -13 -2 1 0 1 -0.0115726 0.0701637 2.89747 0 0 0 
-5.6918 13.0837 777.484 2.27347 6.33536 202.888 15.8515 -13 -2 1 0 1 -0.0115659 0.0702733 2.89051 0 0 0 
-5.66934 13.146 779.483 2.28524 6.30899 202.889 15.859 -13 -2 1 0 1 -0.0115566 0.0703793 2.88342 0 0 0 
-5.64677 13.208 781.482 2.29658 6.28258 202.89 15.8666 -13 -2 1 0 1 -0.0115461 0.0704861 2.87627 0 0 0 
-5.62409 13.2698 783.481 2.30751 6.25613 202.89 15.8741 -13 -2 1 0 1 -0.0115343 0.0705934 2.86912 0 0 0 
-5.6013 13.3313 785.48 2.31801 6.22965 202.891 15.8816 -13 -2 1 0 1 -0.0115211 0.070701 2.86197 0 0 0 
-5.57841 13.3925 787.479 2.32809 6.20314 202.892 15.8891 -13 -2 1 0 1 -0.0115065 0.070809 2.85482 0 0 0 
-5.55543 13.4535 789.477 2.33775 6.1766 202.893 15.8966 -13 -2 1 0 1 -0.0114905 0.0709175 2.84768 0 0 0 
-5.53235 13.5142 791.476 2.347 6.15004 202.893 15.9042 -13 -2 1 0 1 -0.0114732 0.0710262 2.84053 0 0 0 
-5.50919 13.5747 793.475 2.35582 6.12347 202.894 15.9117 -13 -2 1 0 1 -0.0114545 0.0711353 2.83338 0 0 0 
-5.48593 13.6349 795.474 2.36423 6.09688 202.895 15.9192 -13 -2 1 0 1 -0.0114345 0.0712448 2.82623 0 0 0 
-5.4626 13.6948 797.473 2.37222 6.07029 202.895 15.9267 -13 -2 1 0 1 -0.0114131 0.0713545 2.81908 0 0 0 
-5.43919 13.7545 799.472 2.3798 6.0437 202.896 15.9343 -13 -2 1 0 1 -0.0113875 0.0714557 2.8117 0 0 0 
-5.41571 13.8139 801.471 2.38696 6.01712 202.897 15.9418 -13 -2 1 0 1 -0.0113591 0.0715522 2.80419 0 0 0 
-5.39216 13.8731 803.47 2.39371 5.99055 202.897 15.9493 -13 -2 1 0 1 -0.0113299 0.0716494 2.79661 0 0 0 
-5.36854 13.932 805.469 2.40005 5.964 202.898 15.9568 -13 -2 1 0 1 -0.0112993 0.0717469 2.78904 0 0 0 
-5.34487 13.9906 807.468 2.40598 5.93747 202.899 15.9643 -13 -2 1 0 1 -0.0112676 0.0718446 2.78146 0 0 0 
-5.32114 14.049 809.467 2.4115 5.91096 202.9 15.9719 -13 -2 1 0 1 -0.0112346 0.0719425 2.77388 0 0 0 
-5.29735 14.1071 811.466 2.41661 5.88449 202.9 15.9794 -13 -2 1 0 1 -0.0112004 0.0720405 2.7663 0 0 0 
-5.27352 14.1649 813.465 2.42131 5.85805 202.901 15.9869 -13 -2 1 0 1 -0.0111651 0.0721388 2.75873 0 0 0 
-5.24964 14.2225 815.464 2.42561 5.83165 202.902 15.9944 -13 -2 1 0 1 -0.0111286 0.0722372 2.75115 0 0 0 
-5.22573 14.2798 817.463 2.4295 5.80529 202.902 16.0019 -13 -2 1 0 1 -0.011091 0.0723357 2.74357 0 0 0 
-5.20177 14.3369 819.462 2.43299 5.77898 202.903 16.0095 -13 -2 1 0 1 -0.0110522 0.0724344 2.73599 0 0 0 
-5.17779 14.3937 821.461 2.43608 5.75272 202.904 16.017 -13 -2 1 0 1 -0.0110098 0.0725253 2.72823 0 0 0 
-5.15377 14.4502 823.46 2.43878 5.72653 202.905 16.0245 -13 -2 1 0 1 -0.0109644 0.0726105 2.72033 0 0 0 
-5.12973 14.5065 825.46 2.44107 5.70039 202.905 16.032 -13 -2 1 0 1 -0.0109184 0.0726964 2.71236 0 0 0 
-5.10567 14.5626 827.459 2.44298 5.67433 202.906 16.0395 -13 -2 1 0 1 -0.0108714 0.0727824 2.70439 0 0 0 
-5.0816 14.6183 829.458 2.44449 5.64834 202.907 16.0471 -13 -2 1 0 1 -0.0108234 0.0728684 2.69642 0 0 0 
-5.05751 14.6739 831.457 2.44561 5.62242 202.907 16.0546 -13 -2 1 0 1 -0.0107744 0.0729544 2.68844 0 0 0 
-5.03341 14.7291 833.456 2.44633 5.59658 202.908 16.0621 -13 -2 1 0 1 -0.0107244 0.0730405 2.68047 0 0 0 
-5.00931 14.7841 835.455 2.44668 5.57083 202.909 16.0696 -13 -2 1 0 1 -0.0106735 0.0731266 2.6725 0 0 0 
-4.9852 14.8389 837.454 2.44663 5.54517 202.91 16.0771 -13 -2 1 0 1 -0.0106217 0.0732128 2.66453 0 0 0 
-4.9611 14.8934 839.453 2.4462 5.51959 202.91 16.0847 -13 -2 1 0 1 -0.0105689 0.0732989 2.65655 0 0 0 
-4.937 14.9477 841.452 2.44539 5.49411 202.911 16.0922 -13 -2 1 0 1 -0.0105153 0.073385 2.64858 0 0 0 
-4.91291 15.0017 843.451 2.4442 5.46873 202.912 16.0997 -13 -2 1 0 1 -0.0104586 0.0734642 2.64047 0 0 0 
-4.88884 15.0554 845.451 2.44263 5.44345 202.912 16.1072 -13 -2 1 0 1 -0.010399 0.0735368 2.63221 0 0 0 
-4.86478 15.1089 847.45 2.4407 5.41828 202.913 16.1148 -13 -2 1 0 1 -0.0103391 0.0736102 2.62388 0 0 0 
-4.84075 15.1622 849.449 2.43838 5.39323 202.914 16.1223 -13 -2 1 0 1 -0.0102784 0.0736834 2.61555 0 0 0 
-4.81674 15.2152 851.448 2.4357 5.36829 202.914 16.1298 -13 -2 1 0 1 -0.010217 0.0737566 2.60722 0 0 0 
-4.79276 15.268 853.447 2.43266 5.34347 202.915 16.1373 -13 -2 1 0 1 -0.0101548 0.0738297 2.59888 0 0 0 
-4.76881 15.3205 855.446 2.42924 5.31877 202.916 16.1448 -13 -2 1 0 1 -0.0100919 0.0739028 2.59055 0 0 0 
-4.74489 15.3728 857.445 2.42546 5.2942 202.916 16.1524 -13 -2 1 0 1 -0.0100284 0.0739757 2.58222 0 0 0 
-4.72101 15.4248 859.445 2.42133 5.26975 202.917 16.1599 -13 -2 1 0 1 -0.00996418 0.0740485 2.57388 0 0 0 
-4.69718 15.4766 861.444 2.41683 5.24544 202.918 16.1674 -13 -2 1 0 1 -0.00989935 0.0741212 2.56555 0 0 0 
-4.67339 15.5282 863.443 2.41198 5.22126 202.919 16.1749 -13 -2 1 0 1 -0.00983391 0.0741939 2.55722 0 0 0 
-4.64966 15.5795 865.442 2.40677 5.19722 202.919 16.1824 -13 -2 1 0 1 -0.00976608 0.0742605 2.54878 0 0 0 
-4.62597 15.6306 867.441 2.40121 5.17332 202.92 16.19 -13 -2 1 0 1 -0.0096955 0.0743198 2.5402 0 0 0 
-4.60234 15.6814 869.441 2.39531 5.14957 202.921 16.1975 -13 -2 1 0 1 -0.0096248 0.0743798 2.53155 0 0 0 
-4.57877 15.732 871.44 2.38906 5.12596 202.921 16.205 -13 -2 1 0 1 -0.00955364 0.0744397 2.52289 0 0 0 
-4.55527 15.7824 873.439 2.38247 5.10251 202.922 16.2125 -13 -2 1 0 1 -0.00948203 0.0744995 2.51423 0 0 0 
-4.55455 15.7839 873.5 2.38227 5.1018 202.922 16.2127 -13 -2 1 0 1 -0.00947984 0.0745013 2.51397 0 0 0 
-4.54283 15.809 874.5 2.37887 5.09003 202.922 16.2165 -13 -2 1 0 1 -0.00980136 0.0744283 2.50964 0 0 0 
-4.53113 15.8341 875.5 2.37536 5.07837 202.923 16.2203 -13 -2 1 0 1 -0.0064109 0.0754184 2.50531 0 0 0 
-4.50776 15.884 877.499 2.36871 5.05299 202.923 16.2278 -13 -2 1 0 1 -0.0131125 0.0735483 2.49665 0 0 0 
-4.48445 15.9336 879.498 2.36172 5.02772 202.924 16.2353 -13 -2 1 0 1 -0.0131148 0.0735951 2.48799 0 0 0 
-4.46122 15.983 881.498 2.35439 5.00256 202.925 16.2428 -13 -2 1 0 1 -0.0131162 0.0736422 2.47933 0 0 0 
-4.43806 16.0322 883.497 2.34671 4.97751 202.925 16.2504 -13 -2 1 0 1 -0.0131166 0.0736895 2.47067 0 0 0 
-4.41498 16.0811 885.496 2.3387 4.95258 202.926 16.2579 -13 -2 1 0 1 -0.0131161 0.073737 2.46201 0 0 0 
-4.39198 16.1298 887.496 2.33035 4.92778 202.927 16.2654 -13 -2 1 0 1 -0.0131131 0.0737794 2.45327 0 0 0 
-4.36906 16.1782 889.495 2.32167 4.9031 202.927 16.2729 -13 -2 1 0 1 -0.013107 0.0738147 2.44441 0 0 0 
-4.34623 16.2264 891.494 2.31267 4.87854 202.928 16.2804 -13 -2 1 0 1 -0.0131002 0.0738511 2.43547 0 0 0 
-4.3235 16.2743 893.493 2.30333 4.85412 202.929 16.288 -13 -2 1 0 1 -0.0130927 0.0738877 2.42652 0 0 0 
-4.30085 16.322 895.493 2.29367 4.82983 202.93 16.2955 -13 -2 1 0 1 -0.0130842 0.0739244 2.41757 0 0 0 
-4.2783 16.3695 897.492 2.28369 4.80568 202.93 16.303 -13 -2 1 0 1 -0.0130747 0.0739613 2.40862 0 0 0 
-4.25585 16.4167 899.491 2.27339 4.78167 202.931 16.3105 -13 -2 1 0 1 -0.0130644 0.0739984 2.39967 0 0 0 
-4.23351 16.4637 901.491 2.26277 4.75779 202.932 16.318 -13 -2 1 0 1 -0.0130532 0.0740355 2.39072 0 0 0 
-4.21127 16.5105 903.49 2.25183 4.73406 202.932 16.3256 -13 -2 1 0 1 -0.013041 0.0740728 2.38177 0 0 0 
-4.18914 16.557 905.489 2.24058 4.71048 202.933 16.3331 -13 -2 1 0 1 -0.0130279 0.0741102 2.37282 0 0 0 
-4.16712 16.6033 907.489 2.22902 4.68704 202.934 16.3406 -13 -2 1 0 1 -0.0130139 0.0741477 2.36387 0 0 0 
-4.14522 16.6494 909.488 2.21714 4.66375 202.934 16.3481 -13 -2 1 0 1 -0.0129978 0.0741812 2.35486 0 0 0 
-4.12343 16.6952 911.487 2.20497 4.64062 202.935 16.3556 -13 -2 1 0 1 -0.0129786 0.074207 2.34574 0 0 0 
-4.10177 16.7408 913.487 2.19249 4.61764 202.936 16.3632 -13 -2 1 0 1 -0.0129588 0.0742339 2.33655 0 0 0 
-4.08023 16.7862 915.486 2.17971 4.59482 202.936 16.3707 -13 -2 1 0 1 -0.0129382 0.0742611 2.32734 0 0 0 
-4.05882 16.8314 917.485 2.16664 4.57216 202.937 16.3782 -13 -2 1 0 1 -0.0129167 0.0742884 2.31814 0 0 0 
-4.03754 16.8763 919.485 2.15327 4.54967 202.938 16.3857 -13 -2 1 0 1 -0.0128944 0.0743157 2.30893 0 0 0 
-4.01639 16.921 921.484 2.1396 4.52734 202.938 16.3933 -13 -2 1 0 1 -0.0128713 0.0743431 2.29972 0 0 0 
-3.99538 16.9655 923.484 2.12565 4.50517 202.939 16.4008 -13 -2 1 0 1 -0.0128472 0.0743706 2.29051 0 0 0 
-3.97451 17.0098 925.483 2.1114 4.48318 202.94 16.4083 -13 -2 1 0 1 -0.0128224 0.0743981 2.2813 0 0 0 
-3.95378 17.0538 927.482 2.09688 4.46135 202.94 16.4158 -13 -2 1 0 1 -0.0127967 0.0744257 2.27209 0 0 0 
-3.93319 17.0977 929.482 2.08206 4.43969 202.941 16.4233 -13 -2 1 0 1 -0.0127701 0.0744534 2.26288 0 0 0 
-3.91275 17.1413 931.481 2.06697 4.41821 202.941 16.4309 -13 -2 1 0 1 -0.0127418 0.0744779 2.25364 0 0 0 
-3.89246 17.1847 933.481 2.0516 4.3969 202.942 16.4384 -13 -2 1 0 1 -0.0127105 0.0744945 2.2443 0 0 0 
-3.87233 17.228 935.48 2.03595 4.37577 202.943 16.4459 -13 -2 1 0 1 -0.0126786 0.0745122 2.23489 0 0 0 
-3.85235 17.271 937.48 2.02004 4.35482 202.943 16.4534 -13 -2 1 0 1 -0.0126461 0.0745302 2.22546 0 0 0 
-3.83253 17.3138 939.479 2.00385 4.33406 202.944 16.4609 -13 -2 1 0 1 -0.0126127 0.0745483 2.21602 0 0 0 
-3.81286 17.3564 941.478 1.9874 4.31347 202.944 16.4685 -13 -2 1 0 1 -0.0125786 0.0745663 2.20659 0 0 0 
-3.79337 17.3988 943.478 1.97069 4.29307 202.945 16.476 -13 -2 1 0 1 -0.0125437 0.0745845 2.19715 0 0 0 
-3.77403 17.441 945.477 1.95371 4.27286 202.946 16.4835 -13 -2 1 0 1 -0.0125081 0.0746026 2.18772 0 0 0 
-3.75487 17.483 947.477 1.93647 4.25283 202.946 16.491 -13 -2 1 0 1 -0.0124717 0.0746208 2.17828 0 0 0 
-3.73588 17.5248 949.476 1.91897 4.23299 202.947 16.4985 -13 -2 1 0 1 -0.0124346 0.074639 2.16885 0 0 0 
-3.71706 17.5664 951.476 1.90122 4.21333 202.947 16.5061 -13 -2 1 0 1 -0.0123967 0.0746572 2.15941 0 0 0 
-3.69842 17.6078 953.475 1.88322 4.19387 202.948 16.5136 -13 -2 1 0 1 -0.0123574 0.0746731 2.14996 0 0 0 
-3.67995 17.649 955.475 1.86497 4.1746 202.949 16.5211 -13 -2 1 0 1 -0.0123152 0.0746812 2.14043 0 0 0 
-3.66167 17.69 957.474 1.84647 4.15553 202.949 16.5286 -13 -2 1 0 1 -0.0122726 0.0746901 2.13083 0 0 0 
-3.64357 17.7309 959.474 1.82773 4.13665 202.95 16.5361 -13 -2 1 0 1 -0.0122294 0.0746996 2.12121 0 0 0 
-3.62565 17.7716 961.473 1.80875 4.11796 202.95 16.5437 -13 -2 1 0 1 -0.0121856 0.0747091 2.11158 0 0 0 
-3.60793 17.812 963.473 1.78953 4.09948 202.951 16.5512 -13 -2 1 0 1 -0.0121411 0.0747186 2.10195 0 0 0 
-3.59039 17.8523 965.472 1.77007 4.08119 202.951 16.5587 -13 -2 1 0 1 -0.0120959 0.0747281 2.09232 0 0 0 
-3.57305 17.8924 967.472 1.75038 4.0631 202.952 16.5662 -13 -2 1 0 1 -0.0120501 0.0747376 2.08269 0 0 0 
-3.5559 17.9324 969.471 1.73046 4.04521 202.952 16.5738 -13 -2 1 0 1 -0.0120036 0.0747471 2.07306 0 0 0 
-3.53895 17.9722 971.471 1.71031 4.02752 202.953 16.5813 -13 -2 1 0 1 -0.0119566 0.0747566 2.06343 0 0 0 
-3.5222 18.0118 973.47 1.68993 4.01003 202.953 16.5888 -13 -2 1 0 1 -0.0119089 0.0747662 2.0538 0 0 0 
-3.50566 18.0512 975.47 1.66932 3.99274 202.954 16.5963 -13 -2 1 0 1 -0.0118602 0.0747742 2.04416 0 0 0 
-3.48931 18.0904 977.47 1.6485 3.97565 202.954 16.6038 -13 -2 1 0 1 -0.0118087 0.0747745 2.03447 0 0 0 
-3.47317 18.1295 979.469 1.62746 3.95877 202.955 16.6114 -13 -2 1 0 1 -0.011757 0.0747756 2.02471 0 0 0 
-3.45724 18.1684 981.469 1.6062 3.94209 202.955 16.6189 -13 -2 1 0 1 -0.0117048 0.0747775 2.01492 0 0 0 
-3.44153 18.2072 983.468 1.58473 3.92562 202.956 16.6264 -13 -2 1 0 1 -0.011652 0.0747793 2.00512 0 0 0 
-3.42602 18.2458 985.468 1.56304 3.90935 202.956 16.6339 -13 -2 1 0 1 -0.0115988 0.0747811 1.99533 0 0 0 
-3.41073 18.2842 987.467 1.54115 3.89329 202.957 16.6414 -13 -2 1 0 1 -0.011545 0.074783 1.98553 0 0 0 
-3.39565 18.3225 989.467 1.51905 3.87743 202.957 16.649 -13 -2 1 0 1 -0.0114907 0.0747849 1.97573 0 0 0 
-3.3808 18.3606 991.467 1.49674 3.86178 202.958 16.6565 -13 -2 1 0 1 -0.011436 0.0747868 1.96594 0 0 0 
-3.36616 18.3986 993.466 1.47424 3.84634 202.958 16.664 -13 -2 1 0 1 -0.0113807 0.0747887 1.95614 0 0 0 
-3.35175 18.4364 995.466 1.45153 3.8311 202.959 16.6715 -13 -2 1 0 1 -0.011325 0.0747906 1.94634 0 0 0 
-3.33756 18.4741 997.465 1.42862 3.81607 202.959 16.679 -13 -2 1 0 1 -0.0112686 0.0747917 1.93655 0 0 0 
-3.3236 18.5116 999.465 1.40551 3.80125 202.96 16.6866 -13 -2 1 0 1 -0.0112097 0.0747853 1.92672 0 0 0 
-3.32336 18.5123 999.5 1.4051 3.80099 202.96 16.6867 -13 -2 1 0 1 -0.0112087 0.0747852 1.92655 0 0 0 
-3.30963 18.5496 1001.5 1.38181 3.78638 202.96 16.6942 -13 -2 1 0 1 -0.0111503 0.0747796 1.91666 0 0 0 
-3.29613 18.5869 1003.5 1.35832 3.77198 202.96 16.7017 -13 -2 1 0 1 -0.011091 0.074775 1.90673 0 0 0 
-3.28286 18.624 1005.5 1.33464 3.75778 202.961 16.7093 -13 -2 1 0 1 -0.0110312 0.0747704 1.89679 0 0 0 
-3.26983 18.6609 1007.5 1.31078 3.7438 202.961 16.7168 -13 -2 1 0 1 -0.0109711 0.0747658 1.88686 0 0 0 
-3.25704 18.6977 1009.5 1.28673 3.73002 202.962 16.7243 -13 -2 1 0 1 -0.0109107 0.0747612 1.87692 0 0 0 
-3.24448 18.7344 1011.5 1.2625 3.71645 202.962 16.7318 -13 -2 1 0 1 -0.0108499 0.0747567 1.86699 0 0 0 
-3.23216 18.771 1013.5 1.23809 3.70309 202.962 16.7393 -13 -2 1 0 1 -0.0107888 0.0747523 1.85705 0 0 0 
-3.22008 18.8074 1015.5 1.2135 3.68993 202.963 16.7469 -13 -2 1 0 1 -0.0107273 0.0747479 1.84712 0 0 0 
-3.20825 18.8437 1017.5 1.18874 3.67698 202.963 16.7544 -13 -2 1 0 1 -0.0106656 0.0747435 1.83718 0 0 0 
-3.19666 18.8798 1019.5 1.16379 3.66424 202.964 16.7619 -13 -2 1 0 1 -0.0106035 0.0747388 1.82725 0 0 0 
-3.18532 18.9159 1021.5 1.13868 3.65171 202.964 16.7694 -13 -2 1 0 1 -0.0105391 0.0747271 1.81731 0 0 0 
-3.17422 18.9518 1023.5 1.1134 3.63938 202.964 16.7769 -13 -2 1 0 1 -0.0104747 0.0747164 1.80732 0 0 0 
-3.16338 18.9876 1025.5 1.08796 3.62726 202.965 16.7845 -13 -2 1 0 1 -0.0104103 0.0747067 1.79727 0 0 0 
-3.15279 19.0233 1027.49 1.06234 3.61535 202.965 16.792 -13 -2 1 0 1 -0.0103456 0.0746971 1.78722 0 0 0 
-3.14245 19.0588 1029.49 1.03657 3.60364 202.965 16.7995 -13 -2 1 0 1 -0.0102808 0.0746876 1.77717 0 0 0 
-3.13236 19.0943 1031.49 1.01063 3.59214 202.966 16.807 -13 -2 1 0 1 -0.0102158 0.0746781 1.76712 0 0 0 
-3.12253 19.1296 1033.49 0.984528 3.58085 202.966 16.8146 -13 -2 1 0 1 -0.0101506 0.0746687 1.75707 0 0 0 
-3.11296 19.1648 1035.49 0.958269 3.56975 202.966 16.8221 -13 -2 1 0 1 -0.0100852 0.0746594 1.74702 0 0 0 
-3.10365 19.2 1037.49 0.931854 3.55886 202.967 16.8296 -13 -2 1 0 1 -0.0100198 0.0746502 1.73697 0 0 0 
-3.0946 19.235 1039.49 0.905283 3.54818 202.967 16.8371 -13 -2 1 0 1 -0.00995418 0.0746411 1.72692 0 0 0 
-3.08581 19.2699 1041.49 0.878558 3.53769 202.967 16.8446 -13 -2 1 0 1 -0.0098885 0.074632 1.71687 0 0 0 
-3.07729 19.3047 1043.49 0.851682 3.52741 202.968 16.8522 -13 -2 1 0 1 -0.00982094 0.0746168 1.70685 0 0 0 
-3.06903 19.3394 1045.49 0.82466 3.51733 202.968 16.8597 -13 -2 1 0 1 -0.00975345 0.0746024 1.69678 0 0 0 
-3.06104 19.374 1047.49 0.797491 3.50745 202.968 16.8672 -13 -2 1 0 1 -0.00968613 0.0745893 1.68664 0 0 0 
-3.05332 19.4085 1049.49 0.770176 3.49777 202.968 16.8747 -13 -2 1 0 1 -0.00961878 0.0745763 1.67649 0 0 0 
-3.04587 19.4429 1051.49 0.742716 3.48829 202.969 16.8822 -13 -2 1 0 1 -0.00955142 0.0745634 1.66635 0 0 0 
-3.03869 19.4772 1053.49 0.715113 3.47901 202.969 16.8898 -13 -2 1 0 1 -0.00948408 0.0745507 1.65621 0 0 0 
-3.03178 19.5115 1055.49 0.687368 3.46992 202.969 16.8973 -13 -2 1 0 1 -0.00941677 0.0745381 1.64607 0 0 0 
-3.02514 19.5456 1057.49 0.659483 3.46103 202.969 16.9048 -13 -2 1 0 1 -0.00934951 0.0745256 1.63592 0 0 0 
-3.01878 19.5797 1059.49 0.63146 3.45234 202.97 16.9123 -13 -2 1 0 1 -0.00928231 0.0745133 1.62578 0 0 0 
-3.0127 19.6136 1061.49 0.603299 3.44384 202.97 16.9198 -13 -2 1 0 1 -0.00921519 0.0745011 1.61564 0 0 0 
-3.00689 19.6475 1063.49 0.575002 3.43553 202.97 16.9274 -13 -2 1 0 1 -0.00914818 0.0744891 1.6055 0 0 0 
-3.00137 19.6813 1065.49 0.546572 3.42742 202.97 16.9349 -13 -2 1 0 1 -0.00907979 0.0744722 1.59541 0 0 0 
-2.99613 19.7151 1067.49 0.518012 3.41949 202.971 16.9424 -13 -2 1 0 1 -0.00901156 0.0744558 1.58527 0 0 0 
-2.99116 19.7487 1069.49 0.489322 3.41176 202.971 16.9499 -13 -2 1 0 1 -0.0089437 0.074441 1.57506 0 0 0 
-2.98648 19.7823 1071.49 0.460502 3.40422 202.971 16.9574 -13 -2 1 0 1 -0.00887602 0.0744264 1.56484 0 0 0 
-2.98209 19.8158 1073.49 0.431553 3.39686 202.971 16.965 -13 -2 1 0 1 -0.00880853 0.074412 1.55463 0 0 0 
-2.97798 19.8492 1075.49 0.402478 3.38969 202.971 16.9725 -13 -2 1 0 1 -0.00874127 0.0743978 1.54441 0 0 0 
-2.97416 19.8826 1077.49 0.373276 3.38271 202.971 16.98 -13 -2 1 0 1 -0.00867423 0.0743837 1.5342 0 0 0 
-2.97063 19.9159 1079.49 0.343949 3.37591 202.972 16.9875 -13 -2 1 0 1 -0.00860745 0.0743699 1.52399 0 0 0 
-2.96738 19.9491 1081.49 0.314498 3.36929 202.972 16.9951 -13 -2 1 0 1 -0.00854094 0.0743562 1.51377 0 0 0 
-2.96443 19.9823 1083.49 0.284925 3.36286 202.972 17.0026 -13 -2 1 0 1 -0.00847473 0.0743428 1.50356 0 0 0 
-2.96177 20.0154 1085.49 0.25523 3.3566 202.972 17.0101 -13 -2 1 0 1 -0.00840882 0.0743295 1.49334 0 0 0 
-2.9594 20.0484 1087.49 0.225415 3.35052 202.972 17.0176 -13 -2 1 0 1 -0.00834201 0.0743127 1.48319 0 0 0 
-2.95733 20.0814 1089.49 0.195485 3.34462 202.972 17.0251 -13 -2 1 0 1 -0.00827546 0.0742961 1.47302 0 0 0 
-2.95555 20.1143 1091.49 0.165437 3.3389 202.972 17.0327 -13 -2 1 0 1 -0.00820951 0.0742814 1.46275 0 0 0 
-2.95407 20.1472 1093.48 0.135272 3.33335 202.973 17.0402 -13 -2 1 0 1 -0.00814396 0.074267 1.45248 0 0 0 
-2.95288 20.18 1095.48 0.104991 3.32797 202.973 17.0477 -13 -2 1 0 1 -0.00807881 0.0742528 1.44221 0 0 0 
-2.952 20.2127 1097.48 0.0745948 3.32277 202.973 17.0552 -13 -2 1 0 1 -0.00801409 0.0742389 1.43194 0 0 0 
-2.95141 20.2455 1099.48 0.0440846 3.31773 202.973 17.0627 -13 -2 1 0 1 -0.00794982 0.0742253 1.42167 0 0 0 
-2.95113 20.2781 1101.48 0.0134611 3.31286 202.973 17.0703 -13 -2 1 0 1 -0.00788601 0.0742119 1.4114 0 0 0 
-2.95115 20.3107 1103.48 -0.017275 3.30816 202.973 17.0778 -13 -2 1 0 1 -0.00782269 0.0741987 1.40113 0 0 0 
-2.95147 20.3433 1105.48 -0.0481226 3.30363 202.973 17.0853 -13 -2 1 0 1 -0.00775988 0.0741859 1.39086 0 0 0 
-2.9521 20.3758 1107.48 -0.0790812 3.29925 202.973 17.0928 -13 -2 1 0 1 -0.00769759 0.0741733 1.38059 0 0 0 
-2.95303 20.4083 1109.48 -0.110149 3.29504 202.973 17.1003 -13 -2 1 0 1 -0.00763483 0.0741581 1.3704 0 0 0 
-2.95427 20.4408 1111.48 -0.141323 3.29099 202.973 17.1079 -13 -2 1 0 1 -0.00757246 0.0741431 1.3602 0 0 0 
-2.95582 20.4732 1113.48 -0.172605 3.2871 202.973 17.1154 -13 -2 1 0 1 -0.00751095 0.0741304 1.34989 0 0 0 
-2.95767 20.5055 1115.48 -0.203994 3.28336 202.973 17.1229 -13 -2 1 0 1 -0.00745003 0.074118 1.33958 0 0 0 
-2.95984 20.5379 1117.48 -0.235491 3.27978 202.973 17.1304 -13 -2 1 0 1 -0.00738974 0.0741059 1.32927 0 0 0 
-2.96231 20.5702 1119.48 -0.267094 3.27635 202.973 17.1379 -13 -2 1 0 1 -0.0073301 0.0740941 1.31896 0 0 0 
-2.9651 20.6024 1121.48 -0.298803 3.27307 202.973 17.1455 -13 -2 1 0 1 -0.00727112 0.0740826 1.30865 0 0 0 
-2.9682 20.6347 1123.48 -0.330618 3.26994 202.973 17.153 -13 -2 1 0 1 -0.00721282 0.0740715 1.29834 0 0 0 
-2.96823 20.635 1123.5 -0.330922 3.26991 202.973 17.1531 -13 -2 1 0 1 -0.00721227 0.0740714 1.29824 0 0 0 
-2.96994 20.6511 1124.5 -0.346853 3.26828 202.973 17.1568 -13 -2 1 0 1 -0.00764859 0.073999 1.29309 0 0 0 
-2.97173 20.6672 1125.5 -0.362801 3.26661 202.973 17.1606 -13 -2 1 0 1 -0.00972877 0.0736905 1.28793 0 0 0 
-2.97546 20.6993 1127.5 -0.394412 3.26085 202.973 17.1681 -13 -2 1 0 1 -0.0120141 0.0733434 1.27762 0 0 0 
-2.9795 20.7314 1129.5 -0.42613 3.25518 202.973 17.1756 -13 -2 1 0 1 -0.012048 0.0733203 1.26731 0 0 0 
-2.98386 20.7635 1131.5 -0.457954 3.2496 202.973 17.1831 -13 -2 1 0 1 -0.0120809 0.0732956 1.25709 0 0 0 
-2.98852 20.7954 1133.5 -0.489881 3.2441 202.973 17.1907 -13 -2 1 0 1 -0.0121133 0.073271 1.24687 0 0 0 
-2.99351 20.8274 1135.5 -0.521913 3.23868 202.973 17.1982 -13 -2 1 0 1 -0.0121459 0.073249 1.23654 0 0 0 
-2.99881 20.8593 1137.5 -0.55405 3.23335 202.973 17.2057 -13 -2 1 0 1 -0.0121782 0.0732273 1.2262 0 0 0 
-3.00443 20.8911 1139.5 -0.586293 3.22809 202.973 17.2132 -13 -2 1 0 1 -0.0122104 0.073206 1.21586 0 0 0 
-3.01036 20.9229 1141.5 -0.61864 3.22292 202.973 17.2207 -13 -2 1 0 1 -0.0122423 0.0731851 1.20553 0 0 0 
-3.01662 20.9546 1143.5 -0.651091 3.21782 202.973 17.2283 -13 -2 1 0 1 -0.012274 0.0731645 1.19519 0 0 0 
-3.02319 20.9863 1145.5 -0.683646 3.2128 202.973 17.2358 -13 -2 1 0 1 -0.0123055 0.0731442 1.18485 0 0 0 
-3.03009 21.0179 1147.5 -0.716304 3.20785 202.973 17.2433 -13 -2 1 0 1 -0.0123368 0.0731243 1.17452 0 0 0 
-3.03731 21.0495 1149.5 -0.749066 3.20297 202.973 17.2508 -13 -2 1 0 1 -0.0123679 0.0731048 1.16418 0 0 0 
-3.04485 21.081 1151.5 -0.781931 3.19817 202.973 17.2584 -13 -2 1 0 1 -0.0123987 0.0730857 1.15385 0 0 0 
-3.05271 21.1125 1153.5 -0.814897 3.19344 202.973 17.2659 -13 -2 1 0 1 -0.0124286 0.0730656 1.1436 0 0 0 
-3.0609 21.1439 1155.5 -0.847964 3.18877 202.973 17.2734 -13 -2 1 0 1 -0.012458 0.0730457 1.13338 0 0 0 
-3.06942 21.1753 1157.5 -0.881132 3.18418 202.973 17.2809 -13 -2 1 0 1 -0.0124875 0.0730287 1.12302 0 0 0 
-3.07827 21.2067 1159.5 -0.914402 3.17965 202.973 17.2884 -13 -2 1 0 1 -0.0125168 0.0730121 1.11267 0 0 0 
-3.08744 21.238 1161.5 -0.947775 3.17518 202.973 17.296 -13 -2 1 0 1 -0.0125458 0.0729959 1.10232 0 0 0 
-3.09694 21.2692 1163.5 -0.981249 3.17077 202.973 17.3035 -13 -2 1 0 1 -0.0125746 0.0729801 1.09197 0 0 0 
-3.10678 21.3005 1165.49 -1.01483 3.16643 202.973 17.311 -13 -2 1 0 1 -0.0126031 0.0729647 1.08161 0 0 0 
-3.11694 21.3316 1167.49 -1.0485 3.16215 202.973 17.3185 -13 -2 1 0 1 -0.0126314 0.0729497 1.07126 0 0 0 
-3.12744 21.3628 1169.49 -1.08228 3.15792 202.973 17.326 -13 -2 1 0 1 -0.0126595 0.0729351 1.06091 0 0 0 
-3.13827 21.3939 1171.49 -1.11616 3.15375 202.972 17.3336 -13 -2 1 0 1 -0.0126873 0.0729209 1.05055 0 0 0 
-3.14943 21.4249 1173.49 -1.15014 3.14963 202.972 17.3411 -13 -2 1 0 1 -0.0127149 0.0729071 1.0402 0 0 0 
-3.16093 21.4559 1175.49 -1.18422 3.14557 202.972 17.3486 -13 -2 1 0 1 -0.0127417 0.0728931 1.02994 0 0 0 
-3.17276 21.4869 1177.49 -1.2184 3.14156 202.972 17.3561 -13 -2 1 0 1 -0.0127679 0.0728792 1.01972 0 0 0 
-3.18494 21.5178 1179.49 -1.25268 3.1376 202.972 17.3636 -13 -2 1 0 1 -0.0127942 0.0728687 1.00936 0 0 0 
-3.19745 21.5487 1181.49 -1.28707 3.13369 202.972 17.3712 -13 -2 1 0 1 -0.0128203 0.0728586 0.998999 0 0 0 
-3.2103 21.5796 1183.49 -1.32155 3.12982 202.972 17.3787 -13 -2 1 0 1 -0.0128462 0.0728489 0.988637 0 0 0 
-3.22349 21.6104 1185.49 -1.35613 3.126 202.971 17.3862 -13 -2 1 0 1 -0.0128718 0.0728397 0.978276 0 0 0 
-3.23702 21.6412 1187.49 -1.39082 3.12223 202.971 17.3937 -13 -2 1 0 1 -0.0128971 0.0728309 0.967914 0 0 0 
-3.2509 21.6719 1189.49 -1.42561 3.11849 202.971 17.4012 -13 -2 1 0 1 -0.0129223 0.0728225 0.957553 0 0 0 
-3.26511 21.7026 1191.49 -1.46049 3.1148 202.971 17.4088 -13 -2 1 0 1 -0.0129472 0.0728146 0.947191 0 0 0 
-3.27967 21.7333 1193.49 -1.49548 3.11114 202.971 17.4163 -13 -2 1 0 1 -0.0129719 0.0728072 0.93683 0 0 0 
-3.29458 21.7639 1195.49 -1.53057 3.10752 202.97 17.4238 -13 -2 1 0 1 -0.0129963 0.0728002 0.926468 0 0 0 
-3.30983 21.7945 1197.49 -1.56576 3.10393 202.97 17.4313 -13 -2 1 0 1 -0.0130201 0.0727935 0.916193 0 0 0 
-3.32543 21.8251 1199.49 -1.60105 3.10038 202.97 17.4389 -13 -2 1 0 1 -0.0130433 0.0727872 0.905984 0 0 0 
-3.34138 21.8556 1201.49 -1.63644 3.09686 202.97 17.4464 -13 -2 1 0 1 -0.0130667 0.0727843 0.895629 0 0 0 
-3.35768 21.8861 1203.49 -1.67193 3.09337 202.97 17.4539 -13 -2 1 0 1 -0.0130899 0.072782 0.885265 0 0 0 
-3.37433 21.9166 1205.49 -1.70753 3.08991 202.969 17.4614 -13 -2 1 0 1 -0.0131128 0.0727802 0.874901 0 0 0 
-3.39132 21.947 1207.49 -1.74323 3.08647 202.969 17.4689 -13 -2 1 0 1 -0.0131356 0.0727789 0.864537 0 0 0 
-3.40868 21.9774 1209.49 -1.77903 3.08306 202.969 17.4765 -13 -2 1 0 1 -0.0131581 0.0727781 0.854174 0 0 0 
-3.42638 22.0077 1211.49 -1.81493 3.07967 202.969 17.484 -13 -2 1 0 1 -0.0131805 0.0727778 0.84381 0 0 0 
-3.44444 22.0381 1213.49 -1.85094 3.07631 202.968 17.4915 -13 -2 1 0 1 -0.0132026 0.072778 0.833446 0 0 0 
-3.46285 22.0684 1215.49 -1.88704 3.07296 202.968 17.499 -13 -2 1 0 1 -0.0132246 0.0727787 0.823083 0 0 0 
-3.48162 22.0986 1217.49 -1.92326 3.06962 202.968 17.5065 -13 -2 1 0 1 -0.0132464 0.0727799 0.812719 0 0 0 
-3.50075 22.1288 1219.49 -1.95957 3.06631 202.967 17.5141 -13 -2 1 0 1 -0.0132677 0.0727818 0.802437 0 0 0 
-3.52023 22.159 1221.49 -1.99598 3.063 202.967 17.5216 -13 -2 1 0 1 -0.0132885 0.0727844 0.792235 0 0 0 
-3.54008 22.1892 1223.49 -2.0325 3.05971 202.967 17.5291 -13 -2 1 0 1 -0.0133095 0.0727903 0.781893 0 0 0 
-3.56028 22.2193 1225.49 -2.06913 3.05643 202.966 17.5366 -13 -2 1 0 1 -0.0133303 0.0727972 0.771531 0 0 0 
-3.58085 22.2494 1227.49 -2.10585 3.05316 202.966 17.5441 -13 -2 1 0 1 -0.013351 0.0728046 0.76117 0 0 0 
-3.60178 22.2795 1229.49 -2.14269 3.04989 202.966 17.5517 -13 -2 1 0 1 -0.0133716 0.0728125 0.750809 0 0 0 
-3.62307 22.3095 1231.48 -2.17963 3.04663 202.965 17.5592 -13 -2 1 0 1 -0.013392 0.072821 0.740447 0 0 0 
-3.64473 22.3395 1233.48 -2.21667 3.04337 202.965 17.5667 -13 -2 1 0 1 -0.0134123 0.07283 0.730086 0 0 0 
-3.66675 22.3695 1235.48 -2.25382 3.04011 202.965 17.5742 -13 -2 1 0 1 -0.0134325 0.0728396 0.719725 0 0 0 
-3.68914 22.3994 1237.48 -2.29108 3.03685 202.964 17.5817 -13 -2 1 0 1 -0.0134526 0.0728497 0.709364 0 0 0 
-3.71189 22.4293 1239.48 -2.32844 3.03358 202.964 17.5893 -13 -2 1 0 1 -0.0134726 0.0728603 0.699002 0 0 0 
-3.73502 22.4592 1241.48 -2.36591 3.03031 202.964 17.5968 -13 -2 1 0 1 -0.0134922 0.072872 0.688715 0 0 0 
-3.75851 22.489 1243.48 -2.40348 3.02703 202.963 17.6043 -13 -2 1 0 1 -0.0135115 0.0728847 0.678523 0 0 0 
-3.78238 22.5188 1245.48 -2.44116 3.02374 202.963 17.6118 -13 -2 1 0 1 -0.013531 0.0729007 0.668198 0 0 0 
-3.80662 22.5486 1247.48 -2.47895 3.02044 202.962 17.6194 -13 -2 1 0 1 -0.0135505 0.0729179 0.657842 0 0 0 
-3.83123 22.5784 1249.48 -2.51685 3.01713 202.962 17.6269 -13 -2 1 0 1 -0.01357 0.0729357 0.647486 0 0 0 
-3.83145 22.5786 1249.5 -2.5172 3.0171 202.962 17.6269 -13 -2 1 0 1 -0.0135702 0.0729359 0.647391 0 0 0 
-3.85644 22.6083 1251.5 -2.55521 3.01377 202.962 17.6345 -13 -2 1 0 1 -0.01359 0.0729541 0.637035 0 0 0 
-3.8818 22.638 1253.5 -2.59332 3.01042 202.961 17.642 -13 -2 1 0 1 -0.0136094 0.0729731 0.626679 0 0 0 
-3.90754 22.6677 1255.5 -2.63155 3.00705 202.961 17.6495 -13 -2 1 0 1 -0.0136288 0.0729926 0.616323 0 0 0 
-3.93366 22.6973 1257.5 -2.66989 3.00366 202.96 17.657 -13 -2 1 0 1 -0.0136482 0.0730128 0.605967 0 0 0 
-3.96015 22.7268 1259.5 -2.70834 3.00024 202.96 17.6645 -13 -2 1 0 1 -0.0136676 0.0730335 0.595611 0 0 0 
-3.98702 22.7564 1261.5 -2.7469 2.9968 202.959 17.6721 -13 -2 1 0 1 -0.013687 0.0730548 0.585255 0 0 0 
-4.01428 22.7859 1263.5 -2.78556 2.99333 202.959 17.6796 -13 -2 1 0 1 -0.0137063 0.0730773 0.574966 0 0 0 
-4.04191 22.8154 1265.5 -2.82434 2.98983 202.958 17.6871 -13 -2 1 0 1 -0.0137253 0.0731013 0.564785 0 0 0 
-4.06993 22.8448 1267.5 -2.86323 2.9863 202.958 17.6946 -13 -2 1 0 1 -0.0137447 0.0731284 0.554477 0 0 0 
-4.09833 22.8742 1269.5 -2.90224 2.98273 202.957 17.7022 -13 -2 1 0 1 -0.0137643 0.073157 0.544128 0 0 0 
-4.12712 22.9036 1271.5 -2.94135 2.97912 202.957 17.7097 -13 -2 1 0 1 -0.0137839 0.0731862 0.533778 0 0 0 
-4.15629 22.9329 1273.5 -2.98059 2.97548 202.956 17.7172 -13 -2 1 0 1 -0.0138036 0.0732161 0.523429 0 0 0 
-4.18585 22.9622 1275.49 -3.01993 2.97179 202.956 17.7247 -13 -2 1 0 1 -0.0138235 0.0732466 0.513079 0 0 0 
-4.2158 22.9915 1277.49 -3.0594 2.96805 202.955 17.7322 -13 -2 1 0 1 -0.0138434 0.0732776 0.50273 0 0 0 
-4.24613 23.0207 1279.49 -3.09897 2.96428 202.955 17.7398 -13 -2 1 0 1 -0.0138635 0.0733094 0.492381 0 0 0 
-4.27686 23.0499 1281.49 -3.13866 2.96045 202.954 17.7473 -13 -2 1 0 1 -0.0138838 0.0733417 0.482031 0 0 0 
-4.30798 23.079 1283.49 -3.17847 2.95657 202.954 17.7548 -13 -2 1 0 1 -0.0139042 0.0733747 0.471682 0 0 0 
-4.33949 23.1081 1285.49 -3.2184 2.95263 202.953 17.7623 -13 -2 1 0 1 -0.0139247 0.0734089 0.46139 0 0 0 
-4.37139 23.1372 1287.49 -3.25843 2.94864 202.952 17.7698 -13 -2 1 0 1 -0.0139452 0.0734451 0.45122 0 0 0 
-4.4037 23.1662 1289.49 -3.29859 2.9446 202.952 17.7774 -13 -2 1 0 1 -0.0139662 0.0734842 0.440932 0 0 0 
-4.43639 23.1952 1291.49 -3.33886 2.94049 202.951 17.7849 -13 -2 1 0 1 -0.0139874 0.0735251 0.430589 0 0 0 
-4.46949 23.2242 1293.49 -3.37926 2.93632 202.951 17.7924 -13 -2 1 0 1 -0.014009 0.0735667 0.420247 0 0 0 
-4.50298 23.2531 1295.49 -3.41977 2.93208 202.95 17.7999 -13 -2 1 0 1 -0.0140308 0.0736089 0.409904 0 0 0 
-4.53687 23.282 1297.49 -3.46041 2.92778 202.949 17.8074 -13 -2 1 0 1 -0.0140529 0.0736517 0.399562 0 0 0 
-4.57116 23.3108 1299.49 -3.50116 2.9234 202.949 17.815 -13 -2 1 0 1 -0.0140753 0.0736952 0.389219 0 0 0 
-4.60586 23.3396 1301.49 -3.54204 2.91895 202.948 17.8225 -13 -2 1 0 1 -0.014098 0.0737394 0.378877 0 0 0 
-4.64096 23.3683 1303.49 -3.58303 2.91443 202.947 17.83 -13 -2 1 0 1 -0.0141211 0.0737842 0.368535 0 0 0 
-4.67646 23.397 1305.49 -3.62415 2.90982 202.947 17.8375 -13 -2 1 0 1 -0.0141445 0.0738296 0.358192 0 0 0 
-4.71237 23.4256 1307.49 -3.66539 2.90514 202.946 17.845 -13 -2 1 0 1 -0.0141682 0.0738763 0.347897 0 0 0 
-4.74869 23.4542 1309.49 -3.70674 2.90037 202.945 17.8526 -13 -2 1 0 1 -0.0141922 0.0739254 0.337736 0 0 0 
-4.78541 23.4828 1311.49 -3.74822 2.89552 202.945 17.8601 -13 -2 1 0 1 -0.0142167 0.0739772 0.327468 0 0 0 
-4.82254 23.5113 1313.49 -3.78983 2.89058 202.944 17.8676 -13 -2 1 0 1 -0.0142418 0.0740311 0.317131 0 0 0 
-4.86009 23.5397 1315.48 -3.83156 2.88554 202.943 17.8751 -13 -2 1 0 1 -0.0142674 0.0740856 0.306795 0 0 0 
-4.89804 23.5681 1317.48 -3.87342 2.88042 202.943 17.8827 -13 -2 1 0 1 -0.0142935 0.0741407 0.296459 0 0 0 
-4.93641 23.5965 1319.48 -3.9154 2.87519 202.942 17.8902 -13 -2 1 0 1 -0.01432 0.0741966 0.286122 0 0 0 
-4.97519 23.6248 1321.48 -3.95751 2.86987 202.941 17.8977 -13 -2 1 0 1 -0.014347 0.0742531 0.275786 0 0 0 
-5.01439 23.653 1323.48 -3.99974 2.86444 202.94 17.9052 -13 -2 1 0 1 -0.0143746 0.0743102 0.26545 0 0 0 
-5.05401 23.6812 1325.48 -4.0421 2.8589 202.94 17.9127 -13 -2 1 0 1 -0.0144027 0.074368 0.255114 0 0 0 
-5.09404 23.7094 1327.48 -4.08458 2.85326 202.939 17.9203 -13 -2 1 0 1 -0.0144314 0.0744265 0.244778 0 0 0 
-5.13449 23.7375 1329.48 -4.1272 2.84751 202.938 17.9278 -13 -2 1 0 1 -0.0144606 0.0744862 0.234477 0 0 0 
-5.17536 23.7655 1331.48 -4.16994 2.84164 202.937 17.9353 -13 -2 1 0 1 -0.0144904 0.0745486 0.224324 0 0 0 
-5.21666 23.7935 1333.48 -4.2128 2.83566 202.936 17.9428 -13 -2 1 0 1 -0.0145209 0.0746136 0.214074 0 0 0 
-5.25838 23.8214 1335.48 -4.2558 2.82956 202.936 17.9503 -13 -2 1 0 1 -0.0145523 0.0746807 0.203742 0 0 0 
-5.30052 23.8492 1337.48 -4.29892 2.82334 202.935 17.9579 -13 -2 1 0 1 -0.0145843 0.0747486 0.193411 0 0 0 
-5.34308 23.877 1339.48 -4.34218 2.81699 202.934 17.9654 -13 -2 1 0 1 -0.014617 0.0748171 0.183079 0 0 0 
-5.38608 23.9047 1341.48 -4.38556 2.81051 202.933 17.9729 -13 -2 1 0 1 -0.0146504 0.0748862 0.172748 0 0 0 
-5.4295 23.9324 1343.48 -4.42908 2.8039 202.932 17.9804 -13 -2 1 0 1 -0.0146846 0.074956 0.162417 0 0 0 
-5.47335 23.96 1345.48 -4.47273 2.79716 202.931 17.9879 -13 -2 1 0 1 -0.0147195 0.0750264 0.152085 0 0 0 
-5.51763 23.9875 1347.47 -4.51651 2.79027 202.931 17.9955 -13 -2 1 0 1 -0.0147552 0.0750975 0.141754 0 0 0 
-5.56235 24.0149 1349.47 -4.56042 2.78325 202.93 18.003 -13 -2 1 0 1 -0.0147917 0.0751693 0.131423 0 0 0 
-5.60749 24.0423 1351.47 -4.60446 2.77608 202.929 18.0105 -13 -2 1 0 1 -0.014829 0.075242 0.121115 0 0 0 
-5.65307 24.0696 1353.47 -4.64863 2.76877 202.928 18.018 -13 -2 1 0 1 -0.0148672 0.075318 0.110967 0 0 0 
-5.69909 24.0969 1355.47 -4.69293 2.7613 202.927 18.0255 -13 -2 1 0 1 -0.0149064 0.0753962 0.100733 0 0 0 
-5.74555 24.1241 1357.47 -4.73736 2.75369 202.926 18.0331 -13 -2 1 0 1 -0.0149466 0.0754767 0.0904048 0 0 0 
-5.79244 24.1511 1359.47 -4.78193 2.74592 202.925 18.0406 -13 -2 1 0 1 -0.0149877 0.0755579 0.0800761 0 0 0 
-5.83977 24.1782 1361.47 -4.82664 2.73798 202.924 18.0481 -13 -2 1 0 1 -0.0150298 0.0756397 0.0697476 0 0 0 
-5.88755 24.2051 1363.47 -4.87148 2.72989 202.923 18.0556 -13 -2 1 0 1 -0.0150728 0.0757221 0.0594191 0 0 0 
-5.93576 24.2319 1365.47 -4.91645 2.72162 202.922 18.0632 -13 -2 1 0 1 -0.0151169 0.0758052 0.0490906 0 0 0 
-5.98442 24.2587 1367.47 -4.96156 2.71319 202.921 18.0707 -13 -2 1 0 1 -0.0151619 0.0758889 0.0387622 0 0 0 
-6.03353 24.2854 1369.47 -5.0068 2.70458 202.92 18.0782 -13 -2 1 0 1 -0.0152079 0.0759731 0.0284339 0 0 0 
-6.08308 24.312 1371.47 -5.05217 2.6958 202.919 18.0857 -13 -2 1 0 1 -0.0152551 0.076058 0.0181056 0 0 0 
-6.13308 24.3385 1373.47 -5.09768 2.68684 202.918 18.0932 -13 -2 1 0 1 -0.0153033 0.0761437 0.00778843 0 0 0 
-6.13395 24.339 1373.5 -5.09847 2.68668 202.918 18.0934 -13 -2 1 0 1 -0.0153041 0.0761452 0.00761237 0 0 0 
-6.15919 24.3522 1374.5 -5.12125 2.68198 202.918 18.0971 -13 -2 1 0 1 -0.0158774 0.0760511 0.00253748 0 0 0 
-6.18454 24.3654 1375.5 -5.14403 2.67713 202.917 18.1009 -13 -2 1 0 1 -0.0194622 0.0751917 -0.00253749 0 0 0 
-6.23544 24.3917 1377.5 -5.18893 2.66436 202.916 18.1084 -13 -2 1 0 1 -0.0211917 0.0748462 -0.0127599 0 0 0 
-6.28679 24.4179 1379.5 -5.23395 2.65133 202.915 18.1159 -13 -2 1 0 1 -0.0213467 0.0749025 -0.0230879 0 0 0 
-6.33858 24.444 1381.5 -5.27908 2.63806 202.914 18.1235 -13 -2 1 0 1 -0.0215017 0.0749591 -0.0334158 0 0 0 
-6.39081 24.4699 1383.5 -5.32432 2.62452 202.913 18.131 -13 -2 1 0 1 -0.0216566 0.0750161 -0.0437437 0 0 0 
-6.44349 24.4957 1385.5 -5.36967 2.61072 202.912 18.1385 -13 -2 1 0 1 -0.0218114 0.0750734 -0.0540715 0 0 0 
-6.49662 24.5213 1387.49 -5.41514 2.59666 202.911 18.146 -13 -2 1 0 1 -0.0219662 0.0751311 -0.0643993 0 0 0 
-6.55019 24.5468 1389.49 -5.46072 2.58233 202.91 18.1535 -13 -2 1 0 1 -0.0221209 0.0751891 -0.074727 0 0 0 
-6.60422 24.5722 1391.49 -5.5064 2.56773 202.909 18.1611 -13 -2 1 0 1 -0.0222755 0.0752474 -0.0850546 0 0 0 
-6.65869 24.5974 1393.49 -5.5522 2.55286 202.908 18.1686 -13 -2 1 0 1 -0.02243 0.0753061 -0.0953822 0 0 0 
-6.71362 24.6225 1395.49 -5.59811 2.53772 202.907 18.1761 -13 -2 1 0 1 -0.0225845 0.0753651 -0.105708 0 0 0 
-6.769 24.6474 1397.49 -5.64412 2.5223 202.906 18.1836 -13 -2 1 0 1 -0.0227391 0.0754278 -0.115854 0 0 0 
-6.82483 24.6722 1399.49 -5.69024 2.5066 202.905 18.1911 -13 -2 1 0 1 -0.0228937 0.0754919 -0.126065 0 0 0 
-6.88112 24.6968 1401.49 -5.73647 2.49062 202.904 18.1987 -13 -2 1 0 1 -0.0230481 0.0755582 -0.136394 0 0 0 
-6.93787 24.7213 1403.49 -5.78281 2.47435 202.903 18.2062 -13 -2 1 0 1 -0.0232025 0.0756248 -0.146724 0 0 0 
-6.99507 24.7456 1405.49 -5.82926 2.45779 202.901 18.2137 -13 -2 1 0 1 -0.0233568 0.0756918 -0.157053 0 0 0 
-7.05273 24.7697 1407.49 -5.87581 2.44094 202.9 18.2212 -13 -2 1 0 1 -0.023511 0.0757592 -0.167382 0 0 0 
-7.11085 24.7937 1409.48 -5.92248 2.4238 202.899 18.2287 -13 -2 1 0 1 -0.0236651 0.0758269 -0.177712 0 0 0 
-7.16943 24.8175 1411.48 -5.96924 2.40636 202.898 18.2363 -13 -2 1 0 1 -0.0238191 0.075895 -0.188041 0 0 0 
-7.22847 24.8411 1413.48 -6.01611 2.38862 202.897 18.2438 -13 -2 1 0 1 -0.0239729 0.0759634 -0.19837 0 0 0 
-7.28798 24.8645 1415.48 -6.06309 2.37058 202.896 18.2513 -13 -2 1 0 1 -0.0241267 0.0760321 -0.208699 0 0 0 
-7.34794 24.8878 1417.48 -6.11016 2.35223 202.894 18.2588 -13 -2 1 0 1 -0.0242804 0.0761012 -0.219028 0 0 0 
-7.40837 24.9109 1419.48 -6.15734 2.33357 202.893 18.2663 -13 -2 1 0 1 -0.0244344 0.076174 -0.229188 0 0 0 
-7.46927 24.9338 1421.48 -6.20462 2.31461 202.892 18.2739 -13 -2 1 0 1 -0.0245882 0.076248 -0.239389 0 0 0 
-7.53063 24.9565 1423.48 -6.252 2.29533 202.891 18.2814 -13 -2 1 0 1 -0.0247419 0.0763243 -0.249722 0 0 0 
-7.59246 24.979 1425.48 -6.29948 2.27573 202.889 18.2889 -13 -2 1 0 1 -0.0248955 0.0764009 -0.260055 0 0 0 
-7.65476 25.0013 1427.48 -6.34707 2.25581 202.888 18.2964 -13 -2 1 0 1 -0.0250489 0.0764779 -0.270388 0 0 0 
-7.71753 25.0235 1429.47 -6.39475 2.23557 202.887 18.304 -13 -2 1 0 1 -0.0252023 0.0765553 -0.280721 0 0 0 
-7.78077 25.0454 1431.47 -6.44252 2.215 202.886 18.3115 -13 -2 1 0 1 -0.0253556 0.076633 -0.291053 0 0 0 
-7.84447 25.0671 1433.47 -6.4904 2.1941 202.884 18.319 -13 -2 1 0 1 -0.0255088 0.076711 -0.301386 0 0 0 
-7.90865 25.0886 1435.47 -6.53837 2.17287 202.883 18.3265 -13 -2 1 0 1 -0.0256619 0.0767894 -0.311719 0 0 0 
-7.97331 25.1099 1437.47 -6.58643 2.15131 202.882 18.334 -13 -2 1 0 1 -0.025815 0.0768682 -0.322051 0 0 0 
-8.03844 25.131 1439.47 -6.63458 2.1294 202.88 18.3416 -13 -2 1 0 1 -0.025968 0.0769473 -0.332384 0 0 0 
-8.10404 25.1519 1441.47 -6.68283 2.10716 202.879 18.3491 -13 -2 1 0 1 -0.0261214 0.07703 -0.342562 0 0 0 
-8.17012 25.1725 1443.47 -6.73116 2.08457 202.878 18.3566 -13 -2 1 0 1 -0.0262747 0.0771138 -0.352756 0 0 0 
-8.23667 25.1929 1445.46 -6.77959 2.06164 202.876 18.3641 -13 -2 1 0 1 -0.0264277 0.0771998 -0.363094 0 0 0 
-8.30371 25.2131 1447.46 -6.8281 2.03836 202.875 18.3716 -13 -2 1 0 1 -0.0265806 0.0772862 -0.373432 0 0 0 
-8.37122 25.2331 1449.46 -6.87671 2.01472 202.873 18.3792 -13 -2 1 0 1 -0.0267335 0.0773729 -0.38377 0 0 0 
-8.43921 25.2528 1451.46 -6.9254 1.99073 202.872 18.3867 -13 -2 1 0 1 -0.0268863 0.07746 -0.394107 0 0 0 
-8.50768 25.2723 1453.46 -6.97417 1.96638 202.871 18.3942 -13 -2 1 0 1 -0.0270391 0.0775474 -0.404445 0 0 0 
-8.57663 25.2916 1455.46 -7.02303 1.94166 202.869 18.4017 -13 -2 1 0 1 -0.0271919 0.0776352 -0.414782 0 0 0 
-8.64606 25.3106 1457.46 -7.07197 1.91658 202.868 18.4092 -13 -2 1 0 1 -0.0273446 0.0777233 -0.42512 0 0 0 
-8.71598 25.3293 1459.46 -7.12098 1.89113 202.866 18.4168 -13 -2 1 0 1 -0.0274973 0.0778118 -0.435457 0 0 0 
-8.78638 25.3478 1461.45 -7.17008 1.86531 202.865 18.4243 -13 -2 1 0 1 -0.02765 0.0779006 -0.445795 0 0 0 
-8.85726 25.3661 1463.45 -7.21925 1.83912 202.863 18.4318 -13 -2 1 0 1 -0.0278033 0.0779927 -0.455993 0 0 0 
-8.92863 25.3841 1465.45 -7.26849 1.81254 202.862 18.4393 -13 -2 1 0 1 -0.0279567 0.078086 -0.466182 0 0 0 
-9.00049 25.4018 1467.45 -7.31781 1.78559 202.86 18.4468 -13 -2 1 0 1 -0.0281095 0.0781813 -0.476525 0 0 0 
-9.07282 25.4193 1469.45 -7.36721 1.75826 202.859 18.4544 -13 -2 1 0 1 -0.0282623 0.0782769 -0.486869 0 0 0 
-9.14565 25.4365 1471.45 -7.41667 1.73054 202.857 18.4619 -13 -2 1 0 1 -0.0284152 0.0783728 -0.497212 0 0 0 
-9.21897 25.4534 1473.45 -7.46621 1.70242 202.856 18.4694 -13 -2 1 0 1 -0.0285681 0.078469 -0.507556 0 0 0 
-9.29277 25.47 1475.44 -7.51581 1.67392 202.854 18.4769 -13 -2 1 0 1 -0.028721 0.0785656 -0.517899 0 0 0 
-9.36706 25.4864 1477.44 -7.56547 1.64501 202.852 18.4845 -13 -2 1 0 1 -0.0288741 0.0786625 -0.528242 0 0 0 
-9.44184 25.5024 1479.44 -7.6152 1.61571 202.851 18.492 -13 -2 1 0 1 -0.0290272 0.0787597 -0.538585 0 0 0 
-9.51711 25.5182 1481.44 -7.66499 1.586 202.849 18.4995 -13 -2 1 0 1 -0.0291804 0.0788573 -0.548928 0 0 0 
-9.59288 25.5337 1483.44 -7.71484 1.55589 202.847 18.507 -13 -2 1 0 1 -0.0293336 0.0789552 -0.559271 0 0 0 
-9.66913 25.5488 1485.44 -7.76474 1.52536 202.846 18.5145 -13 -2 1 0 1 -0.0294877 0.079056 -0.56949 0 0 0 
-9.74588 25.5637 1487.44 -7.8147 1.49443 202.844 18.5221 -13 -2 1 0 1 -0.029642 0.0791583 -0.579675 0 0 0 
-9.82312 25.5783 1489.43 -7.86471 1.46308 202.842 18.5296 -13 -2 1 0 1 -0.0297955 0.0792619 -0.590024 0 0 0 
-9.90085 25.5925 1491.43 -7.91477 1.43132 202.841 18.5371 -13 -2 1 0 1 -0.0299491 0.0793659 -0.600373 0 0 0 
-9.97907 25.6065 1493.43 -7.96488 1.39913 202.839 18.5446 -13 -2 1 0 1 -0.0301029 0.0794701 -0.610722 0 0 0 
-10.0578 25.6201 1495.43 -8.01504 1.36651 202.837 18.5521 -13 -2 1 0 1 -0.0302569 0.0795747 -0.621071 0 0 0 
-10.137 25.6334 1497.43 -8.06524 1.33346 202.835 18.5597 -13 -2 1 0 1 -0.030411 0.0796795 -0.631419 0 0 0 
-10.2167 25.6464 1499.43 -8.11548 1.29999 202.834 18.5672 -13 -2 1 0 1 -0.0305654 0.0797846 -0.641768 0 0 0 
-10.2197 25.6469 1499.5 -8.11733 1.29875 202.833 18.5675 -13 -2 1 0 1 -0.0305711 0.0797884 -0.642149 0 0 0 
-10.2999 25.6595 1501.5 -8.16761 1.26482 202.832 18.575 -13 -2 1 0 1 -0.0307277 0.079893 -0.652498 0 0 0 
-10.3806 25.6718 1503.5 -8.21793 1.23045 202.83 18.5825 -13 -2 1 0 1 -0.0308825 0.0799987 -0.662846 0 0 0 
-10.4618 25.6837 1505.49 -8.26828 1.19563 202.828 18.59 -13 -2 1 0 1 -0.0310376 0.0801046 -0.673194 0 0 0 
-10.5435 25.6953 1507.49 -8.31866 1.16038 202.826 18.5975 -13 -2 1 0 1 -0.0311936 0.0802134 -0.683427 0 0 0 
-10.6257 25.7066 1509.49 -8.36907 1.12468 202.824 18.6051 -13 -2 1 0 1 -0.0313502 0.0803235 -0.693615 0 0 0 
-10.7084 25.7175 1511.49 -8.41951 1.08852 202.822 18.6126 -13 -2 1 0 1 -0.0315056 0.0804343 -0.703968 0 0 0 
-10.7916 25.728 1513.49 -8.46997 1.05191 202.82 18.6201 -13 -2 1 0 1 -0.0316613 0.0805454 -0.714321 0 0 0 
-10.8753 25.7382 1515.49 -8.52045 1.01485 202.819 18.6276 -13 -2 1 0 1 -0.0318172 0.0806567 -0.724674 0 0 0 
-10.9595 25.748 1517.48 -8.57095 0.977319 202.817 18.6351 -13 -2 1 0 1 -0.0319736 0.0807682 -0.735027 0 0 0 
-11.0442 25.7575 1519.48 -8.62146 0.939324 202.815 18.6427 -13 -2 1 0 1 -0.0321302 0.0808799 -0.74538 0 0 0 
-11.1294 25.7665 1521.48 -8.67198 0.900862 202.813 18.6502 -13 -2 1 0 1 -0.0322872 0.0809919 -0.755733 0 0 0 
-11.2151 25.7752 1523.48 -8.72251 0.861927 202.811 18.6577 -13 -2 1 0 1 -0.0324446 0.0811041 -0.766085 0 0 0 
-11.3013 25.7835 1525.48 -8.77305 0.822517 202.809 18.6652 -13 -2 1 0 1 -0.0326024 0.0812164 -0.776438 0 0 0 
-11.388 25.7914 1527.48 -8.82359 0.782628 202.807 18.6727 -13 -2 1 0 1 -0.0327606 0.081329 -0.78679 0 0 0 
-11.4751 25.7989 1529.47 -8.87412 0.742258 202.805 18.6803 -13 -2 1 0 1 -0.03292 0.081444 -0.797042 0 0 0 
-11.5628 25.8061 1531.47 -8.92465 0.701407 202.803 18.6878 -13 -2 1 0 1 -0.0330803 0.0815605 -0.807235 0 0 0 
-11.651 25.8128 1533.47 -8.97517 0.660068 202.8 18.6953 -13 -2 1 0 1 -0.033239 0.0816768 -0.817581 0 0 0 
-11.7397 25.8191 1535.47 -9.02569 0.618239 202.798 18.7028 -13 -2 1 0 1 -0.0333981 0.0817933 -0.827935 0 0 0 
-11.8288 25.8249 1537.47 -9.07618 0.575914 202.796 18.7104 -13 -2 1 0 1 -0.0335577 0.08191 -0.838289 0 0 0 
-11.9185 25.8304 1539.46 -9.12666 0.533091 202.794 18.7179 -13 -2 1 0 1 -0.0337178 0.0820267 -0.848643 0 0 0 
-12.0087 25.8354 1541.46 -9.17712 0.489767 202.792 18.7254 -13 -2 1 0 1 -0.0338784 0.0821436 -0.858997 0 0 0 
-12.0993 25.8401 1543.46 -9.22755 0.445939 202.79 18.7329 -13 -2 1 0 1 -0.0340396 0.0822606 -0.869351 0 0 0 
-12.1905 25.8442 1545.46 -9.27795 0.401602 202.787 18.7404 -13 -2 1 0 1 -0.0342013 0.0823776 -0.879705 0 0 0 
-12.2822 25.848 1547.46 -9.32832 0.356753 202.785 18.748 -13 -2 1 0 1 -0.0343636 0.0824948 -0.890059 0 0 0 
-12.3743 25.8513 1549.45 -9.37864 0.31139 202.783 18.7555 -13 -2 1 0 1 -0.0345265 0.082612 -0.900412 0 0 0 
-12.467 25.8541 1551.45 -9.42893 0.265509 202.781 18.763 -13 -2 1 0 1 -0.0346908 0.0827312 -0.91068 0 0 0 
-12.5601 25.8565 1553.45 -9.47917 0.21911 202.778 18.7705 -13 -2 1 0 1 -0.0348564 0.0828521 -0.920878 0 0 0 
-12.6537 25.8584 1555.45 -9.52937 0.172189 202.776 18.778 -13 -2 1 0 1 -0.0350201 0.082972 -0.93121 0 0 0 
-12.7479 25.8599 1557.44 -9.57951 0.12474 202.774 18.7856 -13 -2 1 0 1 -0.0351842 0.0830917 -0.941561 0 0 0 
-12.8425 25.8609 1559.44 -9.62959 0.0767613 202.771 18.7931 -13 -2 1 0 1 -0.0353489 0.0832114 -0.951912 0 0 0 
-12.9376 25.8614 1561.44 -9.67961 0.0282487 202.769 18.8006 -13 -2 1 0 1 -0.0355143 0.083331 -0.962263 0 0 0 
-13.0332 25.8614 1563.44 -9.72956 -0.020801 202.767 18.8081 -13 -2 1 0 1 -0.0356805 0.0834507 -0.972614 0 0 0 
-13.1293 25.861 1565.44 -9.77944 -0.070391 202.764 18.8156 -13 -2 1 0 1 -0.0358474 0.0835703 -0.982964 0 0 0 
-13.2259 25.86 1567.43 -9.82925 -0.120525 202.762 18.8232 -13 -2 1 0 1 -0.036015 0.0836898 -0.993315 0 0 0 
-13.323 25.8586 1569.43 -9.87898 -0.171205 202.759 18.8307 -13 -2 1 0 1 -0.0361835 0.0838093 -1.00367 0 0 0 
-13.4206 25.8567 1571.43 -9.92862 -0.222436 202.757 18.8382 -13 -2 1 0 1 -0.0363528 0.0839287 -1.01402 0 0 0 
-13.5186 25.8542 1573.43 -9.97817 -0.27422 202.754 18.8457 -13 -2 1 0 1 -0.0365236 0.0840497 -1.02429 0 0 0 
-13.6172 25.8513 1575.42 -10.0276 -0.326557 202.752 18.8532 -13 -2 1 0 1 -0.0366961 0.0841723 -1.03449 0 0 0 
-13.7162 25.8478 1577.42 -10.077 -0.379451 202.749 18.8608 -13 -2 1 0 1 -0.0368665 0.084293 -1.04481 0 0 0 
-13.8158 25.8438 1579.42 -10.1262 -0.432907 202.747 18.8683 -13 -2 1 0 1 -0.0370369 0.0844131 -1.05515 0 0 0 
-13.9158 25.8392 1581.42 -10.1754 -0.486927 202.744 18.8758 -13 -2 1 0 1 -0.0372083 0.0845331 -1.06549 0 0 0 
-14.0163 25.8342 1583.41 -10.2244 -0.541516 202.742 18.8833 -13 -2 1 0 1 -0.0373806 0.0846528 -1.07583 0 0 0 
-14.1172 25.8286 1585.41 -10.2733 -0.596675 202.739 18.8909 -13 -2 1 0 1 -0.0375538 0.0847723 -1.08617 0 0 0 
-14.2187 25.8224 1587.41 -10.3221 -0.652409 202.736 18.8984 -13 -2 1 0 1 -0.037728 0.0848916 -1.09651 0 0 0 
-14.3206 25.8157 1589.41 -10.3708 -0.70872 202.734 18.9059 -13 -2 1 0 1 -0.0379031 0.0850106 -1.10686 0 0 0 
-14.423 25.8085 1591.4 -10.4193 -0.765611 202.731 18.9134 -13 -2 1 0 1 -0.0380792 0.0851294 -1.1172 0 0 0 
-14.5259 25.8006 1593.4 -10.4677 -0.823087 202.728 18.9209 -13 -2 1 0 1 -0.0382564 0.0852478 -1.12754 0 0 0 
-14.6293 25.7922 1595.4 -10.5159 -0.881148 202.726 18.9285 -13 -2 1 0 1 -0.0384352 0.0853673 -1.13782 0 0 0 
-14.7331 25.7833 1597.39 -10.564 -0.939796 202.723 18.936 -13 -2 1 0 1 -0.0386161 0.0854885 -1.14802 0 0 0 
-14.8375 25.7737 1599.39 -10.6119 -0.999034 202.72 18.9435 -13 -2 1 0 1 -0.0387946 0.085607 -1.1583 0 0 0 
-14.9422 25.7636 1601.39 -10.6596 -1.05886 202.717 18.951 -13 -2 1 0 1 -0.0389731 0.0857243 -1.16863 0 0 0 
-15.0475 25.7528 1603.39 -10.7072 -1.11929 202.714 18.9585 -13 -2 1 0 1 -0.0391526 0.0858412 -1.17895 0 0 0 
-15.1532 25.7415 1605.38 -10.7546 -1.18032 202.711 18.9661 -13 -2 1 0 1 -0.0393332 0.0859576 -1.18927 0 0 0 
-15.2594 25.7296 1607.38 -10.8019 -1.24195 202.709 18.9736 -13 -2 1 0 1 -0.039515 0.0860736 -1.19959 0 0 0 
-15.3661 25.717 1609.38 -10.8489 -1.30418 202.706 18.9811 -13 -2 1 0 1 -0.0396978 0.0861892 -1.20991 0 0 0 
-15.4732 25.7039 1611.38 -10.8957 -1.36702 202.703 18.9886 -13 -2 1 0 1 -0.0398819 0.0863043 -1.22023 0 0 0 
-15.5808 25.6901 1613.37 -10.9424 -1.43048 202.7 18.9961 -13 -2 1 0 1 -0.0400671 0.0864188 -1.23055 0 0 0 
-15.6888 25.6757 1615.37 -10.9888 -1.49454 202.697 19.0037 -13 -2 1 0 1 -0.0402536 0.0865328 -1.24087 0 0 0 
-15.7973 25.6607 1617.37 -11.035 -1.55923 202.694 19.0112 -13 -2 1 0 1 -0.0404418 0.0866473 -1.25115 0 0 0 
-15.9062 25.645 1619.36 -11.081 -1.62452 202.691 19.0187 -13 -2 1 0 1 -0.0406326 0.0867634 -1.26133 0 0 0 
-16.0156 25.6286 1621.36 -11.1268 -1.69044 202.688 19.0262 -13 -2 1 0 1 -0.0408208 0.0868761 -1.27158 0 0 0 
-16.1255 25.6117 1623.36 -11.1724 -1.75698 202.685 19.0337 -13 -2 1 0 1 -0.041008 0.0869865 -1.28188 0 0 0 
-16.1334 25.6104 1623.5 -11.1756 -1.76177 202.684 19.0343 -13 -2 1 0 1 -0.0410215 0.0869943 -1.28261 0 0 0 
-16.1886 25.6015 1624.5 -11.1982 -1.79551 202.683 19.0381 -13 -2 1 0 1 -0.0416962 0.0866822 -1.28777 0 0 0 
-16.244 25.5925 1625.5 -11.2208 -1.8293 202.681 19.0418 -13 -2 1 0 1 -0.0367421 0.0899401 -1.29292 0 0 0 
-16.3548 25.5741 1627.5 -11.2636 -1.90073 202.678 19.0493 -13 -2 1 0 1 -0.0474627 0.083336 -1.30322 0 0 0 
-16.4659 25.5551 1629.49 -11.306 -1.97284 202.675 19.0569 -13 -2 1 0 1 -0.0477505 0.0833525 -1.31351 0 0 0 
-16.5775 25.5353 1631.49 -11.3481 -2.04563 202.672 19.0644 -13 -2 1 0 1 -0.0480378 0.0833682 -1.32381 0 0 0 
-16.6895 25.5148 1633.49 -11.3898 -2.1191 202.669 19.0719 -13 -2 1 0 1 -0.0483245 0.083383 -1.3341 0 0 0 
-16.802 25.4935 1635.48 -11.4312 -2.19324 202.666 19.0794 -13 -2 1 0 1 -0.0486107 0.0833969 -1.34439 0 0 0 
-16.9148 25.4715 1637.48 -11.4722 -2.26807 202.663 19.0869 -13 -2 1 0 1 -0.0488963 0.08341 -1.35469 0 0 0 
-17.028 25.4488 1639.48 -11.5129 -2.34359 202.66 19.0945 -13 -2 1 0 1 -0.0491819 0.0834231 -1.36494 0 0 0 
-17.1416 25.4254 1641.47 -11.5532 -2.41978 202.657 19.102 -13 -2 1 0 1 -0.0494683 0.0834375 -1.3751 0 0 0 
-17.2557 25.4011 1643.47 -11.5931 -2.49665 202.653 19.1095 -13 -2 1 0 1 -0.0497494 0.0834474 -1.38532 0 0 0 
-17.3701 25.3762 1645.47 -11.6326 -2.57421 202.65 19.117 -13 -2 1 0 1 -0.0500271 0.0834545 -1.39557 0 0 0 
-17.4849 25.3504 1647.46 -11.6718 -2.65244 202.647 19.1245 -13 -2 1 0 1 -0.0503042 0.0834606 -1.40582 0 0 0 
-17.6001 25.3239 1649.46 -11.7105 -2.73136 202.644 19.1321 -13 -2 1 0 1 -0.0505806 0.0834659 -1.41608 0 0 0 
-17.7156 25.2966 1651.46 -11.7489 -2.81095 202.64 19.1396 -13 -2 1 0 1 -0.0508562 0.0834703 -1.42633 0 0 0 
-17.8316 25.2685 1653.45 -11.7868 -2.89122 202.637 19.1471 -13 -2 1 0 1 -0.0511311 0.0834739 -1.43659 0 0 0 
-17.9479 25.2396 1655.45 -11.8242 -2.97218 202.634 19.1546 -13 -2 1 0 1 -0.0514052 0.0834766 -1.44684 0 0 0 
-18.0645 25.2099 1657.45 -11.8613 -3.05382 202.63 19.1622 -13 -2 1 0 1 -0.0516786 0.0834785 -1.4571 0 0 0 
-18.1816 25.1794 1659.44 -11.8979 -3.13613 202.627 19.1697 -13 -2 1 0 1 -0.0519513 0.0834795 -1.46735 0 0 0 
-18.299 25.1481 1661.44 -11.934 -3.21913 202.623 19.1772 -13 -2 1 0 1 -0.0522236 0.0834803 -1.47757 0 0 0 
-18.4167 25.116 1663.43 -11.9697 -3.30281 202.62 19.1847 -13 -2 1 0 1 -0.0524968 0.0834826 -1.4877 0 0 0 
-18.5348 25.083 1665.43 -12.0049 -3.38716 202.616 19.1922 -13 -2 1 0 1 -0.0527643 0.0834802 -1.49786 0 0 0 
-18.6533 25.0493 1667.43 -12.0396 -3.47218 202.613 19.1998 -13 -2 1 0 1 -0.053027 0.0834739 -1.50806 0 0 0 
-18.7721 25.0146 1669.42 -12.0739 -3.55788 202.609 19.2073 -13 -2 1 0 1 -0.0532887 0.0834668 -1.51826 0 0 0 
-18.8912 24.9792 1671.42 -12.1076 -3.64425 202.606 19.2148 -13 -2 1 0 1 -0.0535496 0.0834588 -1.52846 0 0 0 
-19.0106 24.9428 1673.42 -12.1409 -3.73129 202.602 19.2223 -13 -2 1 0 1 -0.0538096 0.08345 -1.53866 0 0 0 
-19.1304 24.9056 1675.41 -12.1736 -3.819 202.599 19.2298 -13 -2 1 0 1 -0.0540687 0.0834404 -1.54886 0 0 0 
-19.2505 24.8676 1677.41 -12.2058 -3.90738 202.595 19.2374 -13 -2 1 0 1 -0.0543269 0.08343 -1.55906 0 0 0 
-19.3709 24.8286 1679.4 -12.2374 -3.99643 202.591 19.2449 -13 -2 1 0 1 -0.0545841 0.0834187 -1.56926 0 0 0 
-19.4916 24.7888 1681.4 -12.2686 -4.08614 202.588 19.2524 -13 -2 1 0 1 -0.0548404 0.0834066 -1.57946 0 0 0 
-19.6127 24.7481 1683.4 -12.2991 -4.17653 202.584 19.2599 -13 -2 1 0 1 -0.0550961 0.0833941 -1.58964 0 0 0 
-19.734 24.7065 1685.39 -12.3291 -4.26757 202.58 19.2674 -13 -2 1 0 1 -0.0553528 0.0833832 -1.59972 0 0 0 
-19.8556 24.664 1687.39 -12.3586 -4.35927 202.577 19.275 -13 -2 1 0 1 -0.0556035 0.0833676 -1.60982 0 0 0 
-19.9775 24.6206 1689.38 -12.3874 -4.45163 202.573 19.2825 -13 -2 1 0 1 -0.0558477 0.083347 -1.61995 0 0 0 
-20.0997 24.5763 1691.38 -12.4157 -4.54464 202.569 19.29 -13 -2 1 0 1 -0.0560908 0.0833256 -1.63007 0 0 0 
-20.2222 24.5311 1693.37 -12.4434 -4.63831 202.565 19.2975 -13 -2 1 0 1 -0.0563328 0.0833034 -1.6402 0 0 0 
-20.3449 24.4849 1695.37 -12.4704 -4.73262 202.561 19.305 -13 -2 1 0 1 -0.0565738 0.0832804 -1.65033 0 0 0 
-20.4679 24.4378 1697.37 -12.4969 -4.82757 202.557 19.3126 -13 -2 1 0 1 -0.0568137 0.0832566 -1.66046 0 0 0 
-20.5911 24.3898 1699.36 -12.5227 -4.92318 202.554 19.3201 -13 -2 1 0 1 -0.0570526 0.083232 -1.67058 0 0 0 
-20.7146 24.3408 1701.36 -12.5479 -5.01942 202.55 19.3276 -13 -2 1 0 1 -0.0572904 0.0832067 -1.68071 0 0 0 
-20.8384 24.2909 1703.35 -12.5724 -5.1163 202.546 19.3351 -13 -2 1 0 1 -0.0575271 0.0831806 -1.69084 0 0 0 
-20.9624 24.24 1705.35 -12.5963 -5.21382 202.542 19.3427 -13 -2 1 0 1 -0.0577628 0.0831538 -1.70096 0 0 0 
-21.0866 24.1881 1707.34 -12.6195 -5.31198 202.538 19.3502 -13 -2 1 0 1 -0.0579997 0.0831287 -1.71097 0 0 0 
-21.211 24.1353 1709.34 -12.6421 -5.41076 202.534 19.3577 -13 -2 1 0 1 -0.0582307 0.0830993 -1.72099 0 0 0 
-21.3357 24.0815 1711.33 -12.6639 -5.51017 202.53 19.3652 -13 -2 1 0 1 -0.058453 0.0830634 -1.73103 0 0 0 
-21.4605 24.0267 1713.33 -12.6851 -5.61019 202.526 19.3727 -13 -2 1 0 1 -0.058674 0.0830267 -1.74107 0 0 0 
-21.5856 23.971 1715.33 -12.7056 -5.71083 202.521 19.3803 -13 -2 1 0 1 -0.0588938 0.0829893 -1.7511 0 0 0 
-21.7109 23.9142 1717.32 -12.7253 -5.81208 202.517 19.3878 -13 -2 1 0 1 -0.0591123 0.0829511 -1.76114 0 0 0 
-21.8364 23.8564 1719.32 -12.7443 -5.91393 202.513 19.3953 -13 -2 1 0 1 -0.0593297 0.0829122 -1.77118 0 0 0 
-21.962 23.7977 1721.31 -12.7626 -6.01639 202.509 19.4028 -13 -2 1 0 1 -0.0595459 0.0828726 -1.78122 0 0 0 
-22.0878 23.7379 1723.31 -12.7802 -6.11945 202.505 19.4103 -13 -2 1 0 1 -0.059761 0.0828322 -1.79126 0 0 0 
-22.2138 23.6771 1725.3 -12.797 -6.22311 202.501 19.4179 -13 -2 1 0 1 -0.0599748 0.0827911 -1.8013 0 0 0 
-22.34 23.6153 1727.3 -12.813 -6.32736 202.496 19.4254 -13 -2 1 0 1 -0.0601874 0.0827493 -1.81134 0 0 0 
-22.4663 23.5524 1729.29 -12.8282 -6.4322 202.492 19.4329 -13 -2 1 0 1 -0.0604011 0.0827089 -1.82127 0 0 0 
-22.5928 23.4885 1731.29 -12.8427 -6.53763 202.488 19.4404 -13 -2 1 0 1 -0.0606095 0.0826649 -1.83119 0 0 0 
-22.7194 23.4236 1733.28 -12.8564 -6.64362 202.484 19.4479 -13 -2 1 0 1 -0.0608065 0.082613 -1.84112 0 0 0 
-22.8461 23.3576 1735.28 -12.8693 -6.75018 202.479 19.4555 -13 -2 1 0 1 -0.0610022 0.0825603 -1.85105 0 0 0 
-22.9729 23.2906 1737.27 -12.8813 -6.8573 202.475 19.463 -13 -2 1 0 1 -0.0611966 0.082507 -1.86097 0 0 0 
-23.0999 23.2225 1739.27 -12.8926 -6.96498 202.47 19.4705 -13 -2 1 0 1 -0.0613897 0.0824529 -1.8709 0 0 0 
-23.227 23.1533 1741.26 -12.903 -7.07321 202.466 19.478 -13 -2 1 0 1 -0.0615814 0.0823982 -1.88082 0 0 0 
-23.3542 23.0831 1743.26 -12.9125 -7.18199 202.462 19.4855 -13 -2 1 0 1 -0.0617719 0.0823428 -1.89075 0 0 0 
-23.4814 23.0118 1745.25 -12.9212 -7.29131 202.457 19.4931 -13 -2 1 0 1 -0.0619611 0.0822867 -1.90067 0 0 0 
-23.6088 22.9394 1747.24 -12.9291 -7.40117 202.453 19.5006 -13 -2 1 0 1 -0.0621489 0.08223 -1.9106 0 0 0 
-23.7362 22.866 1749.24 -12.936 -7.51156 202.448 19.5081 -13 -2 1 0 1 -0.0623355 0.0821725 -1.92052 0 0 0 
-23.7529 22.8562 1749.5 -12.9369 -7.52605 202.448 19.5091 -13 -2 1 0 1 -0.0623598 0.0821648 -1.92182 0 0 0 
-23.8803 22.7815 1751.49 -12.9428 -7.63703 202.443 19.5166 -13 -2 1 0 1 -0.0625539 0.0821018 -1.93164 0 0 0 
-24.0079 22.7057 1753.49 -12.9479 -7.74854 202.438 19.5241 -13 -2 1 0 1 -0.0627347 0.082041 -1.94145 0 0 0 
-24.1355 22.6288 1755.48 -12.9521 -7.86055 202.434 19.5317 -13 -2 1 0 1 -0.0629033 0.0819722 -1.95123 0 0 0 
-24.2631 22.5508 1757.48 -12.9553 -7.97305 202.429 19.5392 -13 -2 1 0 1 -0.0630705 0.0819027 -1.96102 0 0 0 
-24.3907 22.4717 1759.47 -12.9577 -8.08604 202.425 19.5467 -13 -2 1 0 1 -0.0632362 0.0818326 -1.97081 0 0 0 
-24.5184 22.3915 1761.47 -12.959 -8.19952 202.42 19.5542 -13 -2 1 0 1 -0.0634005 0.0817618 -1.9806 0 0 0 
-24.6461 22.3102 1763.46 -12.9595 -8.31347 202.415 19.5617 -13 -2 1 0 1 -0.0635634 0.0816904 -1.99038 0 0 0 
-24.7738 22.2277 1765.46 -12.959 -8.42789 202.411 19.5693 -13 -2 1 0 1 -0.063725 0.0816184 -2.00017 0 0 0 
-24.9014 22.1441 1767.45 -12.9575 -8.54278 202.406 19.5768 -13 -2 1 0 1 -0.0638851 0.0815458 -2.00996 0 0 0 
-25.0291 22.0594 1769.44 -12.955 -8.65812 202.401 19.5843 -13 -2 1 0 1 -0.0640438 0.0814725 -2.01975 0 0 0 
-25.1567 21.9735 1771.44 -12.9516 -8.77392 202.396 19.5918 -13 -2 1 0 1 -0.0642011 0.0813986 -2.02953 0 0 0 
-25.2843 21.8865 1773.43 -12.9472 -8.89015 202.392 19.5993 -13 -2 1 0 1 -0.0643593 0.0813258 -2.03923 0 0 0 
-25.4118 21.7983 1775.43 -12.9417 -9.00682 202.387 19.6069 -13 -2 1 0 1 -0.0645118 0.0812494 -2.04889 0 0 0 
-25.5393 21.709 1777.42 -12.9353 -9.12391 202.382 19.6144 -13 -2 1 0 1 -0.0646489 0.0811635 -2.05852 0 0 0 
-25.6667 21.6185 1779.41 -12.9278 -9.24141 202.377 19.6219 -13 -2 1 0 1 -0.0647845 0.081077 -2.06814 0 0 0 
-25.794 21.5269 1781.41 -12.9193 -9.3593 202.372 19.6294 -13 -2 1 0 1 -0.0649186 0.0809899 -2.07776 0 0 0 
-25.9213 21.4341 1783.4 -12.9098 -9.47758 202.367 19.6369 -13 -2 1 0 1 -0.0650511 0.0809023 -2.08738 0 0 0 
-26.0484 21.3402 1785.39 -12.8992 -9.59624 202.362 19.6445 -13 -2 1 0 1 -0.0651822 0.0808141 -2.097 0 0 0 
-26.1754 21.245 1787.39 -12.8875 -9.71528 202.357 19.652 -13 -2 1 0 1 -0.0653118 0.0807253 -2.10663 0 0 0 
-26.3023 21.1487 1789.38 -12.8747 -9.83469 202.352 19.6595 -13 -2 1 0 1 -0.0654399 0.0806359 -2.11625 0 0 0 
-26.4291 21.0512 1791.38 -12.8609 -9.95445 202.347 19.667 -13 -2 1 0 1 -0.0655665 0.080546 -2.12587 0 0 0 
-26.5558 20.9526 1793.37 -12.846 -10.0746 202.342 19.6746 -13 -2 1 0 1 -0.0656916 0.0804554 -2.13549 0 0 0 
-26.6822 20.8527 1795.36 -12.83 -10.195 202.337 19.6821 -13 -2 1 0 1 -0.0658173 0.0803657 -2.14504 0 0 0 
-26.8086 20.7517 1797.36 -12.8129 -10.3158 202.332 19.6896 -13 -2 1 0 1 -0.0659388 0.0802736 -2.15454 0 0 0 
-26.9347 20.6495 1799.35 -12.7946 -10.4369 202.327 19.6971 -13 -2 1 0 1 -0.0660414 0.0801704 -2.16397 0 0 0 
-27.0607 20.546 1801.34 -12.7753 -10.5583 202.322 19.7046 -13 -2 1 0 1 -0.0661425 0.0800667 -2.1734 0 0 0 
-27.1864 20.4414 1803.34 -12.7548 -10.68 202.317 19.7122 -13 -2 1 0 1 -0.0662419 0.0799625 -2.18283 0 0 0 
-27.312 20.3356 1805.33 -12.7331 -10.8019 202.312 19.7197 -13 -2 1 0 1 -0.0663397 0.0798578 -2.19226 0 0 0 
-27.4373 20.2286 1807.32 -12.7103 -10.9241 202.307 19.7272 -13 -2 1 0 1 -0.0664359 0.0797526 -2.20169 0 0 0 
-27.5624 20.1203 1809.32 -12.6864 -11.0466 202.302 19.7347 -13 -2 1 0 1 -0.0665306 0.0796469 -2.21111 0 0 0 
-27.6873 20.0109 1811.31 -12.6612 -11.1694 202.297 19.7422 -13 -2 1 0 1 -0.0666236 0.0795406 -2.22054 0 0 0 
-27.8119 19.9002 1813.3 -12.6349 -11.2923 202.291 19.7498 -13 -2 1 0 1 -0.0667152 0.0794339 -2.22997 0 0 0 
-27.9363 19.7884 1815.29 -12.6074 -11.4155 202.286 19.7573 -13 -2 1 0 1 -0.0668051 0.0793266 -2.2394 0 0 0 
-28.0603 19.6753 1817.29 -12.5787 -11.5389 202.281 19.7648 -13 -2 1 0 1 -0.0668953 0.0792198 -2.24876 0 0 0 
-28.1841 19.561 1819.28 -12.5488 -11.6625 202.276 19.7723 -13 -2 1 0 1 -0.0669832 0.079112 -2.25809 0 0 0 
-28.3076 19.4455 1821.27 -12.5176 -11.7863 202.271 19.7798 -13 -2 1 0 1 -0.0670484 0.0789917 -2.26729 0 0 0 
-28.4308 19.3288 1823.27 -12.4853 -11.9103 202.265 19.7874 -13 -2 1 0 1 -0.0671119 0.0788709 -2.27649 0 0 0 
-28.5536 19.2108 1825.26 -12.4517 -12.0344 202.26 19.7949 -13 -2 1 0 1 -0.0671737 0.0787497 -2.2857 0 0 0 
-28.6761 19.0916 1827.25 -12.4169 -12.1587 202.255 19.8024 -13 -2 1 0 1 -0.0672338 0.0786281 -2.2949 0 0 0 
-28.7983 18.9712 1829.24 -12.3808 -12.2831 202.249 19.8099 -13 -2 1 0 1 -0.0672923 0.078506 -2.3041 0 0 0 
-28.9201 18.8496 1831.24 -12.3435 -12.4076 202.244 19.8174 -13 -2 1 0 1 -0.0673491 0.0783835 -2.31331 0 0 0 
-29.0415 18.7268 1833.23 -12.3049 -12.5322 202.239 19.825 -13 -2 1 0 1 -0.0674042 0.0782606 -2.32251 0 0 0 
-29.1625 18.6027 1835.22 -12.265 -12.6569 202.233 19.8325 -13 -2 1 0 1 -0.0674576 0.0781372 -2.33172 0 0 0 
-29.2832 18.4774 1837.21 -12.2239 -12.7817 202.228 19.84 -13 -2 1 0 1 -0.0675094 0.0780134 -2.34092 0 0 0 
-29.4034 18.3508 1839.21 -12.1815 -12.9066 202.223 19.8475 -13 -2 1 0 1 -0.0675611 0.0778899 -2.35007 0 0 0 
-29.5232 18.223 1841.2 -12.1378 -13.0315 202.217 19.8551 -13 -2 1 0 1 -0.0676124 0.0777664 -2.35918 0 0 0 
-29.6425 18.094 1843.19 -12.0928 -13.1565 202.212 19.8626 -13 -2 1 0 1 -0.0676378 0.0776297 -2.36813 0 0 0 
-29.7615 17.9638 1845.18 -12.0465 -13.2815 202.207 19.8701 -13 -2 1 0 1 -0.067661 0.0774924 -2.37708 0 0 0 
-29.8799 17.8323 1847.18 -11.9988 -13.4065 202.201 19.8776 -13 -2 1 0 1 -0.0676823 0.0773548 -2.38603 0 0 0 
-29.9979 17.6996 1849.17 -11.9499 -13.5315 202.196 19.8851 -13 -2 1 0 1 -0.0677019 0.0772168 -2.39497 0 0 0 
-30.1154 17.5657 1851.16 -11.8996 -13.6564 202.19 19.8927 -13 -2 1 0 1 -0.0677197 0.0770785 -2.40392 0 0 0 
-30.2324 17.4305 1853.15 -11.848 -13.7813 202.185 19.9002 -13 -2 1 0 1 -0.0677357 0.0769398 -2.41287 0 0 0 
-30.3488 17.2941 1855.14 -11.7951 -13.9062 202.179 19.9077 -13 -2 1 0 1 -0.06775 0.0768008 -2.42181 0 0 0 
-30.4648 17.1565 1857.14 -11.7408 -14.031 202.174 19.9152 -13 -2 1 0 1 -0.0677625 0.0766615 -2.43076 0 0 0 
-30.5802 17.0177 1859.13 -11.6852 -14.1557 202.168 19.9227 -13 -2 1 0 1 -0.0677733 0.0765218 -2.43971 0 0 0 
-30.695 16.8776 1861.12 -11.6282 -14.2803 202.163 19.9303 -13 -2 1 0 1 -0.0677835 0.0763822 -2.44862 0 0 0 
-30.8093 16.7363 1863.11 -11.5698 -14.4048 202.157 19.9378 -13 -2 1 0 1 -0.0677936 0.0762428 -2.45747 0 0 0 
-30.923 16.5938 1865.1 -11.5101 -14.5292 202.152 19.9453 -13 -2 1 0 1 -0.0677787 0.0760917 -2.46615 0 0 0 
-31.0361 16.45 1867.09 -11.449 -14.6534 202.146 19.9528 -13 -2 1 0 1 -0.0677587 0.0759388 -2.47481 0 0 0 
-31.1486 16.305 1869.09 -11.3866 -14.7775 202.141 19.9603 -13 -2 1 0 1 -0.0677369 0.0757858 -2.48347 0 0 0 
-31.2604 16.1588 1871.08 -11.3227 -14.9014 202.135 19.9679 -13 -2 1 0 1 -0.0677132 0.0756325 -2.49212 0 0 0 
-31.3717 16.0114 1873.07 -11.2575 -15.025 202.13 19.9754 -13 -2 1 0 1 -0.0676876 0.075479 -2.50078 0 0 0 
-31.3956 15.9792 1873.5 -11.2432 -15.0518 202.129 19.977 -13 -2 1 0 1 -0.0676817 0.0754455 -2.50265 0 0 0 
-31.4511 15.9044 1874.5 -11.2096 -15.1139 202.126 19.9808 -13 -2 1 0 1 -0.0680352 0.0746414 -2.507 0 0 0 
-31.5064 15.8294 1875.5 -11.1756 -15.1759 202.123 19.9846 -13 -2 1 0 1 -0.0679382 0.0747236 -2.51135 0 0 0 
-31.6161 15.6792 1877.49 -11.1028 -15.3013 202.118 19.9921 -13 -2 1 0 1 -0.0713408 0.0676409 -2.52 0 0 0 
-31.7251 15.5278 1879.48 -11.0285 -15.4264 202.112 19.9996 -13 -2 1 0 1 -0.0713346 0.0673354 -2.52866 0 0 0 
-31.8334 15.3752 1881.47 -10.9528 -15.5512 202.107 20.0071 -13 -2 1 0 1 -0.071324 0.0670307 -2.53732 0 0 0 
-31.941 15.2214 1883.47 -10.8755 -15.6757 202.101 20.0147 -13 -2 1 0 1 -0.0713106 0.0667273 -2.54593 0 0 0 
-32.0477 15.0664 1885.46 -10.7967 -15.7999 202.096 20.0222 -13 -2 1 0 1 -0.0712941 0.0664253 -2.5545 0 0 0 
-32.1537 14.9101 1887.45 -10.7164 -15.9237 202.091 20.0297 -13 -2 1 0 1 -0.0712456 0.0661118 -2.56283 0 0 0 
-32.2589 14.7526 1889.44 -10.6345 -16.0472 202.085 20.0372 -13 -2 1 0 1 -0.0711927 0.0657997 -2.57116 0 0 0 
-32.3632 14.5939 1891.43 -10.5512 -16.1702 202.08 20.0447 -13 -2 1 0 1 -0.0711352 0.0654888 -2.57949 0 0 0 
-32.4668 14.434 1893.42 -10.4663 -16.2929 202.074 20.0523 -13 -2 1 0 1 -0.0710734 0.0651794 -2.58782 0 0 0 
-32.5695 14.2729 1895.41 -10.3799 -16.4151 202.069 20.0598 -13 -2 1 0 1 -0.071007 0.0648713 -2.59616 0 0 0 
-32.6713 14.1105 1897.4 -10.292 -16.5368 202.063 20.0673 -13 -2 1 0 1 -0.0709363 0.0645648 -2.60449 0 0 0 
-32.7723 13.947 1899.39 -10.2026 -16.6581 202.058 20.0748 -13 -2 1 0 1 -0.0708611 0.0642599 -2.61282 0 0 0 
-32.8723 13.7823 1901.38 -10.1116 -16.7788 202.053 20.0823 -13 -2 1 0 1 -0.0707816 0.0639566 -2.62115 0 0 0 
-32.9715 13.6164 1903.37 -10.0191 -16.8991 202.047 20.0899 -13 -2 1 0 1 -0.0706976 0.063655 -2.62948 0 0 0 
-33.0697 13.4493 1905.36 -9.92507 -17.0188 202.042 20.0974 -13 -2 1 0 1 -0.0706104 0.0633553 -2.63778 0 0 0 
-33.1671 13.281 1907.35 -9.82952 -17.138 202.036 20.1049 -13 -2 1 0 1 -0.0705205 0.0630579 -2.64603 0 0 0 
-33.2634 13.1116 1909.35 -9.73245 -17.2566 202.031 20.1124 -13 -2 1 0 1 -0.0704003 0.0627515 -2.65403 0 0 0 
-33.3588 12.941 1911.34 -9.63387 -17.3746 202.026 20.1199 -13 -2 1 0 1 -0.0702728 0.0624461 -2.662 0 0 0 
-33.4533 12.7693 1913.33 -9.53376 -17.492 202.02 20.1275 -13 -2 1 0 1 -0.0701408 0.0621429 -2.66997 0 0 0 
-33.5467 12.5964 1915.32 -9.43214 -17.6087 202.015 20.135 -13 -2 1 0 1 -0.0700045 0.061842 -2.67794 0 0 0 
-33.6391 12.4223 1917.31 -9.329 -17.7247 202.009 20.1425 -13 -2 1 0 1 -0.0698638 0.0615433 -2.68591 0 0 0 
-33.7305 12.2471 1919.3 -9.22435 -17.8401 202.004 20.15 -13 -2 1 0 1 -0.0697186 0.061247 -2.69389 0 0 0 
-33.8209 12.0708 1921.29 -9.11819 -17.9547 201.999 20.1575 -13 -2 1 0 1 -0.0695692 0.060953 -2.70186 0 0 0 
-33.9102 11.8933 1923.28 -9.01052 -18.0686 201.993 20.1651 -13 -2 1 0 1 -0.0694154 0.0606616 -2.70983 0 0 0 
-33.9984 11.7147 1925.27 -8.90134 -18.1818 201.988 20.1726 -13 -2 1 0 1 -0.0692573 0.0603726 -2.7178 0 0 0 
-34.0856 11.5351 1927.26 -8.79066 -18.2942 201.983 20.1801 -13 -2 1 0 1 -0.0690957 0.0600863 -2.72575 0 0 0 
-34.1716 11.3543 1929.25 -8.67847 -18.4057 201.978 20.1876 -13 -2 1 0 1 -0.0689319 0.0598029 -2.73364 0 0 0 
-34.2566 11.1724 1931.24 -8.56479 -18.5165 201.972 20.1952 -13 -2 1 0 1 -0.0687404 0.0595134 -2.74128 0 0 0 
-34.3404 10.9894 1933.23 -8.44963 -18.6264 201.967 20.2027 -13 -2 1 0 1 -0.0685388 0.0592247 -2.74886 0 0 0 
-34.423 10.8054 1935.22 -8.33299 -18.7355 201.962 20.2102 -13 -2 1 0 1 -0.0683329 0.0589389 -2.75644 0 0 0 
-34.5046 10.6202 1937.21 -8.21488 -18.8437 201.957 20.2177 -13 -2 1 0 1 -0.0681229 0.0586562 -2.76402 0 0 0 
-34.5849 10.4341 1939.2 -8.0953 -18.9509 201.951 20.2252 -13 -2 1 0 1 -0.0679086 0.0583766 -2.77159 0 0 0 
-34.6641 10.2468 1941.19 -7.97425 -19.0572 201.946 20.2328 -13 -2 1 0 1 -0.0676902 0.0581001 -2.77917 0 0 0 
-34.742 10.0586 1943.18 -7.85174 -19.1626 201.941 20.2403 -13 -2 1 0 1 -0.0674676 0.0578269 -2.78675 0 0 0 
-34.8188 9.86924 1945.17 -7.72778 -19.2669 201.936 20.2478 -13 -2 1 0 1 -0.0672411 0.057557 -2.79432 0 0 0 
-34.8943 9.67891 1947.15 -7.60237 -19.3703 201.931 20.2553 -13 -2 1 0 1 -0.0670104 0.0572903 -2.8019 0 0 0 
-34.9686 9.48757 1949.14 -7.47551 -19.4727 201.926 20.2628 -13 -2 1 0 1 -0.0667762 0.0570271 -2.80946 0 0 0 
-35.0416 9.29522 1951.13 -7.34722 -19.574 201.92 20.2704 -13 -2 1 0 1 -0.0665403 0.0567674 -2.81697 0 0 0 
-35.1133 9.10187 1953.12 -7.21751 -19.6743 201.915 20.2779 -13 -2 1 0 1 -0.0662802 0.0565042 -2.82422 0 0 0 
-35.1838 8.90755 1955.11 -7.08639 -19.7735 201.91 20.2854 -13 -2 1 0 1 -0.0660073 0.0562417 -2.83137 0 0 0 
-35.253 8.71225 1957.1 -6.95387 -19.8716 201.905 20.2929 -13 -2 1 0 1 -0.0657304 0.055983 -2.83852 0 0 0 
-35.3208 8.51599 1959.09 -6.81996 -19.9685 201.9 20.3004 -13 -2 1 0 1 -0.0654497 0.0557281 -2.84567 0 0 0 
-35.3874 8.31879 1961.08 -6.68467 -20.0642 201.895 20.308 -13 -2 1 0 1 -0.0651651 0.0554771 -2.85281 0 0 0 
-35.4525 8.12064 1963.07 -6.548 -20.1588 201.89 20.3155 -13 -2 1 0 1 -0.0648768 0.05523 -2.85996 0 0 0 
-35.5164 7.92157 1965.06 -6.40997 -20.2522 201.886 20.323 -13 -2 1 0 1 -0.0645848 0.0549868 -2.86711 0 0 0 
-35.5788 7.72159 1967.05 -6.27057 -20.3444 201.881 20.3305 -13 -2 1 0 1 -0.0642892 0.0547477 -2.87426 0 0 0 
-35.6399 7.5207 1969.04 -6.12983 -20.4354 201.876 20.338 -13 -2 1 0 1 -0.06399 0.0545127 -2.8814 0 0 0 
-35.6996 7.31893 1971.02 -5.98775 -20.5251 201.871 20.3456 -13 -2 1 0 1 -0.0636872 0.0542817 -2.88855 0 0 0 
-35.7579 7.11627 1973.01 -5.84434 -20.6135 201.866 20.3531 -13 -2 1 0 1 -0.0633835 0.0540549 -2.89563 0 0 0 
-35.8148 6.91275 1975 -5.69962 -20.7006 201.861 20.3606 -13 -2 1 0 1 -0.0630596 0.0538269 -2.90247 0 0 0 
-35.8702 6.70838 1976.99 -5.55361 -20.7864 201.857 20.3681 -13 -2 1 0 1 -0.0627203 0.0535997 -2.90916 0 0 0 
-35.9242 6.50317 1978.98 -5.40632 -20.8708 201.852 20.3757 -13 -2 1 0 1 -0.0623777 0.053377 -2.91585 0 0 0 
-35.9767 6.29714 1980.97 -5.25777 -20.9539 201.847 20.3832 -13 -2 1 0 1 -0.0620317 0.0531588 -2.92253 0 0 0 
-36.0278 6.09029 1982.96 -5.10796 -21.0356 201.843 20.3907 -13 -2 1 0 1 -0.0616825 0.0529452 -2.92922 0 0 0 
-36.0774 5.88265 1984.95 -4.95691 -21.1158 201.838 20.3982 -13 -2 1 0 1 -0.0613301 0.0527362 -2.9359 0 0 0 
-36.1255 5.67422 1986.93 -4.80463 -21.1946 201.833 20.4057 -13 -2 1 0 1 -0.0609745 0.0525318 -2.94259 0 0 0 
-36.172 5.46503 1988.92 -4.65113 -21.272 201.829 20.4133 -13 -2 1 0 1 -0.0606158 0.052332 -2.94927 0 0 0 
-36.2171 5.25507 1990.91 -4.49642 -21.3479 201.824 20.4208 -13 -2 1 0 1 -0.0602541 0.052137 -2.95595 0 0 0 
-36.2606 5.04438 1992.9 -4.34052 -21.4224 201.82 20.4283 -13 -2 1 0 1 -0.0598895 0.0519466 -2.96264 0 0 0 
-36.3026 4.83296 1994.89 -4.18344 -21.4953 201.815 20.4358 -13 -2 1 0 1 -0.0595241 0.0517609 -2.96927 0 0 0 
-36.3431 4.62084 1996.88 -4.02521 -21.5667 201.811 20.4433 -13 -2 1 0 1 -0.0591431 0.0515761 -2.97568 0 0 0 
-36.3819 4.40801 1998.86 -3.86584 -21.6365 201.807 20.4509 -13 -2 1 0 1 -0.0587449 0.0513922 -2.98187 0 0 0 
-36.3939 4.33975 1999.5 -3.81465 -21.6585 201.805 20.4533 -13 -2 1 0 1 -0.0586167 0.0513344 -2.98385 0 0 0 
-36.3939 4.33975 1999.5 -3.81465 -21.6585 201.805 20.4533 -13 -2 1 0 1 -0.0586197 0.0513092 -2.98385 0 0 0 

# Event -2 Track 1000
-31.5064 15.8294 1875.5 -11.1756 -15.1759 202.123 19.9846 -13 -2 1000 0 1 -0.0713387 0.0679551 -2.51135 0 0 -4.4789 
-31.6161 15.6792 1877.49 -11.1028 -15.3013 202.118 19.9921 -13 -2 1000 0 1 -0.0713371 0.0676483 -2.52 0 0 0 
-31.7251 15.5278 1879.48 -11.0286 -15.4264 202.112 19.9996 -13 -2 1000 0 1 -0.0713312 0.0673423 -2.52866 0 0 0 
-31.8334 15.3752 1881.47 -10.9528 -15.5512 202.107 20.0071 -13 -2 1000 0 1 -0.0713209 0.0670371 -2.53732 0 0 0 
-31.941 15.2214 1883.47 -10.8755 -15.6757 202.101 20.0147 -13 -2 1000 0 1 -0.0713078 0.0667333 -2.54593 0 0 0 
-32.0477 15.0664 1885.46 -10.7967 -15.7999 202.096 20.0222 -13 -2 1000 0 1 -0.0712915 0.0664308 -2.5545 0 0 0 
-32.1537 14.9101 1887.45 -10.7164 -15.9237 202.091 20.0297 -13 -2 1000 0 1 -0.0712433 0.0661168 -2.56283 0 0 0 
-32.2589 14.7526 1889.44 -10.6346 -16.0472 202.085 20.0372 -13 -2 1000 0 1 -0.0711906 0.0658041 -2.57116 0 0 0 
-32.3632 14.5939 1891.43 -10.5512 -16.1702 202.08 20.0447 -13 -2 1000 0 1 -0.0711335 0.0654928 -2.57949 0 0 0 
-32.4668 14.434 1893.42 -10.4663 -16.2928 202.074 20.0523 -13 -2 1000 0 1 -0.0710718 0.0651828 -2.58782 0 0 0 
-32.5695 14.2729 1895.41 -10.38 -16.415 202.069 20.0598 -13 -2 1000 0 1 -0.0710058 0.0648743 -2.59616 0 0 0 
-32.6713 14.1105 1897.4 -10.292 -16.5368 202.063 20.0673 -13 -2 1000 0 1 -0.0709353 0.0645673 -2.60449 0 0 0 
-32.7723 13.947 1899.39 -10.2026 -16.6581 202.058 20.0748 -13 -2 1000 0 1 -0.0708604 0.0642618 -2.61282 0 0 0 
-32.8723 13.7823 1901.38 -10.1116 -16.7788 202.053 20.0823 -13 -2 1000 0 1 -0.070781 0.063958 -2.62115 0 0 0 
-32.9715 13.6164 1903.37 -10.0191 -16.8991 202.047 20.0899 -13 -2 1000 0 1 -0.0706973 0.0636558 -2.62948 0 0 0 
-33.0698 13.4493 1905.36 -9.92511 -17.0188 202.042 20.0974 -13 -2 1000 0 1 -0.0706103 0.0633556 -2.63778 0 0 0 
-33.1671 13.2811 1907.35 -9.82956 -17.138 202.036 20.1049 -13 -2 1000 0 1 -0.0705206 0.0630576 -2.64603 0 0 0 
-33.2634 13.1116 1909.35 -9.73249 -17.2566 202.031 20.1124 -13 -2 1000 0 1 -0.0704006 0.0627508 -2.65403 0 0 0 
-33.3588 12.941 1911.34 -9.6339 -17.3746 202.026 20.1199 -13 -2 1000 0 1 -0.0702733 0.0624448 -2.662 0 0 0 
-33.4533 12.7693 1913.33 -9.5338 -17.492 202.02 20.1275 -13 -2 1000 0 1 -0.0701416 0.0621411 -2.66997 0 0 0 
-33.5467 12.5964 1915.32 -9.43218 -17.6087 202.015 20.135 -13 -2 1000 0 1 -0.0700054 0.0618396 -2.67794 0 0 0 
-33.6391 12.4223 1917.31 -9.32904 -17.7247 202.009 20.1425 -13 -2 1000 0 1 -0.0698649 0.0615403 -2.68591 0 0 0 
-33.7305 12.2471 1919.3 -9.22439 -17.8401 202.004 20.15 -13 -2 1000 0 1 -0.0697199 0.0612435 -2.69389 0 0 0 
-33.8209 12.0708 1921.29 -9.11822 -17.9547 201.999 20.1575 -13 -2 1000 0 1 -0.0695706 0.060949 -2.70186 0 0 0 
-33.9102 11.8933 1923.28 -9.01055 -18.0686 201.993 20.1651 -13 -2 1000 0 1 -0.069417 0.0606569 -2.70983 0 0 0 
-33.9984 11.7147 1925.27 -8.90137 -18.1818 201.988 20.1726 -13 -2 1000 0 1 -0.0692591 0.0603674 -2.7178 0 0 0 
-34.0856 11.5351 1927.26 -8.79068 -18.2941 201.983 20.1801 -13 -2 1000 0 1 -0.0690977 0.0600806 -2.72575 0 0 0 
-34.1716 11.3543 1929.25 -8.67849 -18.4057 201.978 20.1876 -13 -2 1000 0 1 -0.068934 0.0597967 -2.73364 0 0 0 
-34.2566 11.1724 1931.24 -8.56481 -18.5165 201.972 20.1952 -13 -2 1000 0 1 -0.0687426 0.0595066 -2.74128 0 0 0 
-34.3404 10.9894 1933.23 -8.44964 -18.6264 201.967 20.2027 -13 -2 1000 0 1 -0.0685412 0.0592173 -2.74886 0 0 0 
-34.4231 10.8054 1935.22 -8.333 -18.7355 201.962 20.2102 -13 -2 1000 0 1 -0.0683355 0.0589309 -2.75644 0 0 0 
-34.5046 10.6202 1937.21 -8.21488 -18.8437 201.957 20.2177 -13 -2 1000 0 1 -0.0681255 0.0586476 -2.76402 0 0 0 
-34.5849 10.4341 1939.2 -8.09529 -18.9509 201.951 20.2252 -13 -2 1000 0 1 -0.0679113 0.0583675 -2.77159 0 0 0 
-34.6641 10.2468 1941.19 -7.97424 -19.0572 201.946 20.2328 -13 -2 1000 0 1 -0.067693 0.0580905 -2.77917 0 0 0 
-34.742 10.0586 1943.18 -7.85173 -19.1626 201.941 20.2403 -13 -2 1000 0 1 -0.0674706 0.0578167 -2.78675 0 0 0 
-34.8188 9.86925 1945.17 -7.72776 -19.2669 201.936 20.2478 -13 -2 1000 0 1 -0.0672441 0.0575462 -2.79432 0 0 0 
-34.8943 9.67891 1947.15 -7.60234 -19.3703 201.931 20.2553 -13 -2 1000 0 1 -0.0670136 0.057279 -2.8019 0 0 0 
-34.9686 9.48757 1949.14 -7.47548 -19.4727 201.926 20.2628 -13 -2 1000 0 1 -0.0667794 0.0570152 -2.80946 0 0 0 
-35.0416 9.29522 1951.13 -7.34718 -19.574 201.92 20.2704 -13 -2 1000 0 1 -0.0665437 0.0567549 -2.81697 0 0 0 
-35.1134 9.10188 1953.12 -7.21746 -19.6743 201.915 20.2779 -13 -2 1000 0 1 -0.0662836 0.0564912 -2.82422 0 0 0 
-35.1838 8.90755 1955.11 -7.08633 -19.7735 201.91 20.2854 -13 -2 1000 0 1 -0.0660107 0.0562281 -2.83137 0 0 0 
-35.253 8.71225 1957.1 -6.9538 -19.8716 201.905 20.2929 -13 -2 1000 0 1 -0.0657339 0.0559688 -2.83852 0 0 0 
-35.3208 8.516 1959.09 -6.81988 -19.9685 201.9 20.3004 -13 -2 1000 0 1 -0.0654532 0.0557134 -2.84567 0 0 0 
-35.3874 8.31879 1961.08 -6.68458 -20.0643 201.895 20.308 -13 -2 1000 0 1 -0.0651687 0.0554618 -2.85281 0 0 0 
-35.4525 8.12065 1963.07 -6.5479 -20.1589 201.89 20.3155 -13 -2 1000 0 1 -0.0648805 0.0552142 -2.85996 0 0 0 
-35.5164 7.92157 1965.06 -6.40986 -20.2523 201.886 20.323 -13 -2 1000 0 1 -0.0645885 0.0549705 -2.86711 0 0 0 
-35.5788 7.72159 1967.05 -6.27046 -20.3444 201.881 20.3305 -13 -2 1000 0 1 -0.0642929 0.0547309 -2.87426 0 0 0 
-35.6399 7.5207 1969.04 -6.12971 -20.4354 201.876 20.338 -13 -2 1000 0 1 -0.0639936 0.0544953 -2.8814 0 0 0 
-35.6996 7.31893 1971.02 -5.98761 -20.5251 201.871 20.3456 -13 -2 1000 0 1 -0.0636909 0.0542638 -2.88855 0 0 0 
-35.7579 7.11627 1973.01 -5.84419 -20.6135 201.866 20.3531 -13 -2 1000 0 1 -0.0633872 0.0540364 -2.89563 0 0 0 
-35.8148 6.91275 1975 -5.69946 -20.7006 201.861 20.3606 -13 -2 1000 0 1 -0.0630632 0.0538079 -2.90247 0 0 0 
-35.8702 6.70838 1976.99 -5.55344 -20.7864 201.857 20.3681 -13 -2 1000 0 1 -0.062724 0.0535802 -2.90916 0 0 0 
-35.9242 6.50317 1978.98 -5.40614 -20.8709 201.852 20.3757 -13 -2 1000 0 1 -0.0623813 0.053357 -2.91585 0 0 0 
-35.9767 6.29714 1980.97 -5.25757 -20.9539 201.847 20.3832 -13 -2 1000 0 1 -0.0620353 0.0531383 -2.92253 0 0 0 
-36.0278 6.09029 1982.96 -5.10775 -21.0356 201.843 20.3907 -13 -2 1000 0 1 -0.061686 0.0529241 -2.92922 0 0 0 
-36.0774 5.88265 1984.95 -4.95669 -21.1158 201.838 20.3982 -13 -2 1000 0 1 -0.0613336 0.0527146 -2.9359 0 0 0 
-36.1255 5.67422 1986.93 -4.80439 -21.1947 201.833 20.4057 -13 -2 1000 0 1 -0.0609779 0.0525097 -2.94259 0 0 0 
-36.172 5.46502 1988.92 -4.65088 -21.2721 201.829 20.4133 -13 -2 1000 0 1 -0.0606192 0.0523094 -2.94927 0 0 0 
-36.2171 5.25507 1990.91 -4.49616 -21.348 201.824 20.4208 -13 -2 1000 0 1 -0.0602575 0.0521138 -2.95595 0 0 0 
-36.2606 5.04438 1992.9 -4.34025 -21.4224 201.82 20.4283 -13 -2 1000 0 1 -0.0598928 0.051923 -2.96264 0 0 0 
-36.3026 4.83296 1994.89 -4.18315 -21.4953 201.815 20.4358 -13 -2 1000 0 1 -0.0595273 0.0517368 -2.96927 0 0 0 
-36.343 4.62083 1996.88 -4.0249 -21.5667 201.811 20.4433 -13 -2 1000 0 1 -0.0591462 0.0515515 -2.97568 0 0 0 
-36.3819 4.40801 1998.86 -3.86552 -21.6366 201.807 20.4509 -13 -2 1000 0 1 -0.0587479 0.0513672 -2.98187 0 0 0 
-36.3938 4.33974 1999.5 -3.81432 -21.6586 201.805 20.4533 -13 -2 1000 0 1 -0.0586197 0.0513092 -2.98385 0 0 0 
-36.4306 4.12602 2001.49 -3.65347 -21.7263 201.801 20.4608 -13 -2 1000 0 1 -0.0582178 0.0511316 -2.99004 0 0 0 
-36.4658 3.91164 2003.48 -3.49153 -21.7925 201.797 20.4683 -13 -2 1000 0 1 -0.0578132 0.050959 -2.99623 0 0 0 
-36.4994 3.69662 2005.46 -3.32851 -21.857 201.792 20.4758 -13 -2 1000 0 1 -0.0574061 0.0507916 -3.00242 0 0 0 
-36.5314 3.48097 2007.45 -3.16442 -21.92 201.788 20.4833 -13 -2 1000 0 1 -0.0569965 0.0506293 -3.00861 0 0 0 
-36.5618 3.2647 2009.44 -2.99929 -21.9812 201.784 20.4909 -13 -2 1000 0 1 -0.0565844 0.0504722 -3.0148 0 0 0 
-36.5905 3.04784 2011.43 -2.83312 -22.0408 201.78 20.4984 -13 -2 1000 0 1 -0.0561699 0.0503203 -3.02099 0 0 0 
-36.6176 2.83041 2013.42 -2.66594 -22.0987 201.776 20.5059 -13 -2 1000 0 1 -0.0557532 0.0501736 -3.02718 0 0 0 
-36.643 2.61241 2015.4 -2.49776 -22.1549 201.772 20.5134 -13 -2 1000 0 1 -0.0553342 0.0500322 -3.03337 0 0 0 
-36.6668 2.39386 2017.39 -2.32859 -22.2094 201.768 20.521 -13 -2 1000 0 1 -0.0549156 0.0498956 -3.0395 0 0 0 
-36.6889 2.17479 2019.38 -2.15847 -22.2622 201.764 20.5285 -13 -2 1000 0 1 -0.054477 0.0497596 -3.04531 0 0 0 
-36.7093 1.9552 2021.37 -1.98742 -22.3132 201.76 20.536 -13 -2 1000 0 1 -0.0540284 0.0496269 -3.05098 0 0 0 
-36.7281 1.73512 2023.36 -1.81547 -22.3624 201.756 20.5435 -13 -2 1000 0 1 -0.0535777 0.0494997 -3.05664 0 0 0 
-36.7451 1.51457 2025.34 -1.64264 -22.4098 201.753 20.551 -13 -2 1000 0 1 -0.0531252 0.0493781 -3.06231 0 0 0 
-36.7604 1.29356 2027.33 -1.46894 -22.4554 201.749 20.5586 -13 -2 1000 0 1 -0.0526709 0.049262 -3.06798 0 0 0 
-36.774 1.07211 2029.32 -1.29439 -22.4992 201.745 20.5661 -13 -2 1000 0 1 -0.0522148 0.0491514 -3.07364 0 0 0 
-36.7859 0.85023 2031.31 -1.11901 -22.5412 201.742 20.5736 -13 -2 1000 0 1 -0.0517571 0.0490464 -3.07931 0 0 0 
-36.7961 0.627951 2033.29 -0.942819 -22.5812 201.738 20.5811 -13 -2 1000 0 1 -0.0512979 0.0489469 -3.08497 0 0 0 
-36.8045 0.405286 2035.28 -0.765835 -22.6195 201.734 20.5886 -13 -2 1000 0 1 -0.0508371 0.048853 -3.09064 0 0 0 
-36.8112 0.182253 2037.27 -0.588077 -22.6558 201.731 20.5962 -13 -2 1000 0 1 -0.050375 0.0487646 -3.0963 0 0 0 
-36.8161 -0.0411279 2039.26 -0.409566 -22.6902 201.728 20.6037 -13 -2 1000 0 1 -0.0499135 0.0486814 -3.10192 0 0 0 
-36.8192 -0.264839 2041.24 -0.230329 -22.7228 201.724 20.6112 -13 -2 1000 0 1 -0.0494375 0.0486002 -3.10724 0 0 0 
-36.8206 -0.488861 2043.23 -0.0504073 -22.7534 201.721 20.6187 -13 -2 1000 0 1 -0.0489502 0.0485222 -3.11236 0 0 0 
-36.8202 -0.713175 2045.22 0.130175 -22.782 201.718 20.6262 -13 -2 1000 0 1 -0.0484618 0.04845 -3.11747 0 0 0 
-36.8181 -0.937762 2047.21 0.311399 -22.8087 201.714 20.6338 -13 -2 1000 0 1 -0.0479724 0.0483836 -3.12259 0 0 0 
-36.8141 -1.1626 2049.19 0.493243 -22.8334 201.711 20.6413 -13 -2 1000 0 1 -0.0474819 0.0483229 -3.1277 0 0 0 
-36.8083 -1.38768 2051.18 0.675685 -22.8562 201.708 20.6488 -13 -2 1000 0 1 -0.0469906 0.048268 -3.13282 0 0 0 
-36.8008 -1.61296 2053.17 0.858706 -22.8769 201.705 20.6563 -13 -2 1000 0 1 -0.0464984 0.0482189 -3.13794 0 0 0 
-36.7914 -1.83845 2055.16 1.04228 -22.8957 201.702 20.6638 -13 -2 1000 0 1 -0.0460056 0.0481755 -3.14305 0 0 0 
-36.7802 -2.0641 2057.14 1.2264 -22.9124 201.699 20.6714 -13 -2 1000 0 1 -0.0455121 0.0481379 -3.14817 0 0 0 
-36.7673 -2.28991 2059.13 1.41102 -22.9271 201.696 20.6789 -13 -2 1000 0 1 -0.045018 0.048106 -3.15328 0 0 0 
-36.7524 -2.51586 2061.12 1.59614 -22.9397 201.693 20.6864 -13 -2 1000 0 1 -0.0445251 0.0480793 -3.15836 0 0 0 
-36.7358 -2.74192 2063.1 1.78172 -22.9503 201.691 20.6939 -13 -2 1000 0 1 -0.0440228 0.0480556 -3.16318 0 0 0 
-36.7173 -2.96808 2065.09 1.96771 -22.9589 201.688 20.7015 -13 -2 1000 0 1 -0.0435088 0.0480349 -3.16772 0 0 0 
-36.697 -3.19431 2067.08 2.1541 -22.9654 201.685 20.709 -13 -2 1000 0 1 -0.0429947 0.04802 -3.17226 0 0 0 
-36.6749 -3.42059 2069.07 2.34085 -22.9697 201.683 20.7165 -13 -2 1000 0 1 -0.0424804 0.0480109 -3.1768 0 0 0 
-36.6509 -3.64691 2071.05 2.52794 -22.972 201.68 20.724 -13 -2 1000 0 1 -0.041966 0.0480077 -3.18134 0 0 0 
-36.6251 -3.87323 2073.04 2.71536 -22.9722 201.678 20.7315 -13 -2 1000 0 1 -0.0414516 0.0480102 -3.18588 0 0 0 
-36.5974 -4.09955 2075.03 2.90307 -22.9703 201.675 20.7391 -13 -2 1000 0 1 -0.0409374 0.0480185 -3.19042 0 0 0 
-36.5679 -4.32584 2077.01 3.09106 -22.9663 201.673 20.7466 -13 -2 1000 0 1 -0.0404233 0.0480326 -3.19496 0 0 0 
-36.5365 -4.55208 2079 3.27929 -22.9601 201.671 20.7541 -13 -2 1000 0 1 -0.0399094 0.0480524 -3.1995 0 0 0 
-36.5033 -4.77825 2080.99 3.46776 -22.9519 201.669 20.7616 -13 -2 1000 0 1 -0.0393959 0.0480779 -3.20404 0 0 0 
-36.4682 -5.00433 2082.97 3.65642 -22.9414 201.666 20.7691 -13 -2 1000 0 1 -0.0388839 0.0481087 -3.20855 0 0 0 
-36.4312 -5.23029 2084.96 3.84526 -22.9289 201.664 20.7767 -13 -2 1000 0 1 -0.0383673 0.0481429 -3.21285 0 0 0 
-36.3924 -5.45612 2086.95 4.03422 -22.9142 201.662 20.7842 -13 -2 1000 0 1 -0.0378395 0.0481796 -3.21679 0 0 0 
-36.3517 -5.6818 2088.93 4.22328 -22.8973 201.66 20.7917 -13 -2 1000 0 1 -0.0373124 0.048222 -3.22074 0 0 0 
-36.3092 -5.9073 2090.92 4.4124 -22.8783 201.658 20.7992 -13 -2 1000 0 1 -0.036786 0.0482701 -3.22468 0 0 0 
-36.2648 -6.13259 2092.91 4.60158 -22.8571 201.657 20.8067 -13 -2 1000 0 1 -0.0362604 0.0483239 -3.22863 0 0 0 
-36.2185 -6.35767 2094.89 4.79077 -22.8337 201.655 20.8143 -13 -2 1000 0 1 -0.0357357 0.0483833 -3.23257 0 0 0 
-36.1704 -6.58251 2096.88 4.97995 -22.8081 201.653 20.8218 -13 -2 1000 0 1 -0.0352119 0.0484484 -3.23651 0 0 0 
-36.1204 -6.80709 2098.87 5.16911 -22.7804 201.652 20.8293 -13 -2 1000 0 1 -0.0346892 0.048519 -3.24046 0 0 0 
-36.0685 -7.03138 2100.85 5.35822 -22.7505 201.65 20.8368 -13 -2 1000 0 1 -0.0341676 0.0485952 -3.2444 0 0 0 
-36.0148 -7.25537 2102.84 5.54724 -22.7184 201.648 20.8443 -13 -2 1000 0 1 -0.0336471 0.0486769 -3.24834 0 0 0 
-35.9592 -7.47903 2104.83 5.73616 -22.6841 201.647 20.8519 -13 -2 1000 0 1 -0.0331287 0.0487637 -3.25226 0 0 0 
-35.9018 -7.70234 2106.81 5.92495 -22.6477 201.646 20.8594 -13 -2 1000 0 1 -0.0326096 0.0488541 -3.25602 0 0 0 
-35.8425 -7.92528 2108.8 6.11356 -22.609 201.644 20.8669 -13 -2 1000 0 1 -0.0320807 0.0489461 -3.25935 0 0 0 
-35.7813 -8.14783 2110.79 6.30195 -22.5682 201.643 20.8744 -13 -2 1000 0 1 -0.0315534 0.0490435 -3.26268 0 0 0 
-35.7183 -8.36996 2112.77 6.4901 -22.5252 201.642 20.882 -13 -2 1000 0 1 -0.0310276 0.0491463 -3.26601 0 0 0 
-35.6534 -8.59167 2114.76 6.67798 -22.4799 201.641 20.8895 -13 -2 1000 0 1 -0.0305034 0.0492545 -3.26934 0 0 0 
-35.5867 -8.81291 2116.75 6.86557 -22.4325 201.64 20.897 -13 -2 1000 0 1 -0.0299809 0.049368 -3.27267 0 0 0 
-35.5181 -9.03368 2118.73 7.05284 -22.3829 201.639 20.9045 -13 -2 1000 0 1 -0.0294602 0.0494868 -3.276 0 0 0 
-35.4477 -9.25395 2120.72 7.23977 -22.3311 201.638 20.912 -13 -2 1000 0 1 -0.0289413 0.0496109 -3.27933 0 0 0 
-35.3755 -9.47369 2122.71 7.42634 -22.2771 201.637 20.9196 -13 -2 1000 0 1 -0.0284243 0.0497401 -3.28266 0 0 0 
-35.3459 -9.56113 2123.5 7.50065 -22.255 201.637 20.9226 -13 -2 1000 0 1 -0.0282185 0.0497931 -3.28398 0 0 0 
-35.3083 -9.67136 2124.5 7.59455 -22.2265 201.637 20.9263 -13 -2 1000 0 1 -0.0277301 0.0490248 -3.28566 0 0 0 
-29.4187 -19.4773 2223.83 15.8709 -16.7486 201.684 21.3024 -13 -2 1000 0 1 -0.00207834 0.0560667 -3.37009 0 0 0 
-20.3489 -25.5338 2323.23 20.0954 -7.44397 201.866 21.6784 -13 -2 1000 0 1 0.0122944 0.0696755 -3.31442 0 0 0 
-10.5047 -26.7085 2422.72 19.0224 2.49874 202.091 22.0545 -13 -2 1000 0 1 0.0120621 0.0784002 -3.13568 0 0 0 
-2.29589 -23.4575 2522.32 13.7986 10.1579 202.276 22.4305 -13 -2 1000 0 1 0.00346291 0.0746229 -2.86739 0 0 0 
2.16744 -18.4837 2604.8 8.01832 13.8316 202.369 22.7417 -13 -2 1000 0 1 -0.00359583 0.0624455 -2.60459 0 0 0 
4.38612 -11.192 2704.5 1.12547 15.3017 202.419 23.1177 -13 -2 1000 0 1 -0.00740451 0.0421834 -2.26915 0 0 0 
4.32248 -7.76082 2750 -1.64058 15.1616 202.426 23.2893 -13 -2 1000 0 1 -0.00716244 0.0326797 -2.11718 0 0 0 
2.2391 -0.583855 2849.72 -6.54525 13.7922 202.425 23.6653 -13 -2 1000 0 1 -0.00341371 0.014217 -1.79946 0 0 0 
0.447143 2.60512 2898.18 -8.35002 12.8369 202.422 23.8481 -13 -2 1000 0 1 -0.000643938 0.00698376 -1.65585 0 0 0 
-4.37869 8.40883 2997.9 -11.031 10.7211 202.416 24.2241 -13 -2 1000 0 1 0.00546845 -0.00400547 -1.38779 0 0 0 
-10.2435 13.1913 3097.61 -12.6313 8.73993 202.418 24.6002 -13 -2 1000 0 1 0.0108259 -0.0104346 -1.15784 0 0 0 
-16.7039 17.0728 3197.32 -13.5016 7.07786 202.427 24.9762 -13 -2 1000 0 1 0.0147072 -0.0135477 -0.964794 0 0 0 
-23.4709 20.2226 3297.04 -13.9135 5.76732 202.441 25.3523 -13 -2 1000 0 1 0.0170578 -0.0145329 -0.804716 0 0 0 
-30.3675 22.807 3396.77 -14.0529 4.77343 202.457 25.7283 -13 -2 1000 0 1 0.0181271 -0.0142776 -0.672773 0 0 0 
-33.2641 23.7112 3438.5 -14.0607 4.438 202.464 25.8856 -13 -2 1000 0 1 0.0182755 -0.0139304 -0.624816 0 0 0 
-33.2641 23.7112 3438.5 -14.0607 4.438 202.464 25.8856 -13 -2 1000 0 1 0.0182755 -0.0139304 -0.624816 0 0 0 

