# #NTuple/Z0                                                                      
# output from Ecalc9f version   2.09
#  settings: 
#    particle type:  2
#    pzmin/pzmax:   0./  100.
#    transverse cuts:   0.  0.
#    longitudinal cut:   0.
#    RF frequency (MHz):   352.
#    sigma cut:   4.
#    subtract out amplitude correlation
#    wrnew9 =  F

# regn   Z           Bz          eperp       elong       e6D         Ldim        Pzavg       beta        alpha       betaL       alphaL      n0          n1          n2          Lcan(eVs)   sigmaE      sigmaT      corrE       corrT       sigmaE_c    xavg        yavg        Dx          Dy          Dr          Dr2
     1  0.0000E+00  0.0000E+00  0.5062E-02  0.9406E-02  0.2405E-06  0.4064E-01  0.2061E+00  0.3986E+00  0.4173E-01  0.8077E+00  0.2171E+00  0.1900E+04  0.1900E+04  0.1900E+04  0.2035E-02  0.1453E-01  0.2344E-09  0.7335E-01 -0.1369E-08  0.1450E-01 -0.6304E-02 -0.9226E-02 -0.2123E-01 -0.3503E-02  0.5479E-02  0.3206E-01
     2  0.2200E+01  0.0000E+00  0.4981E-02  0.9686E-02  0.2330E-06  0.4880E-01  0.2064E+00  0.3399E+00  0.1759E+00  0.6256E+00  0.6288E-01  0.1873E+04  0.1873E+04  0.1873E+04  0.2296E-02  0.1639E-01  0.2116E-09 -0.1082E-01  0.2991E-08  0.1639E-01  0.2806E-02  0.7701E-02  0.5392E-01  0.5115E-01  0.5937E-01  0.1862E-01
     3  0.4400E+01  0.0000E+00  0.4750E-02  0.9144E-02  0.2086E-06  0.6141E-01  0.2104E+00  0.3624E+00  0.1007E+00  0.7354E+00 -0.3341E+00  0.1840E+04  0.1840E+04  0.1840E+04  0.2150E-02  0.1577E-01  0.2273E-09  0.1691E+00  0.6142E-08  0.1566E-01 -0.8179E-03 -0.2893E-02 -0.3084E-01 -0.6889E-01  0.5802E-01  0.6730E-02
     4  0.6600E+01  0.0000E+00  0.4553E-02  0.8827E-02  0.1948E-06  0.6797E-01  0.2147E+00  0.4164E+00  0.1189E+00  0.1167E+01 -0.4199E+00  0.1831E+04  0.1831E+04  0.1831E+04  0.2361E-02  0.1318E-01  0.2742E-09  0.3177E+00  0.6725E-08  0.1274E-01 -0.3021E-02 -0.1083E-02 -0.4788E-01  0.8429E-01  0.5599E-01  0.8852E-02
     5  0.8800E+01  0.0000E+00  0.4415E-02  0.9430E-02  0.1919E-06  0.7948E-01  0.2171E+00  0.4176E+00  0.2133E+00  0.1338E+01 -0.6503E-01  0.1816E+04  0.1816E+04  0.1816E+04  0.2575E-02  0.1209E-01  0.2976E-09  0.3744E+00  0.6167E-08  0.1146E-01  0.4319E-02  0.3139E-02  0.8906E-01 -0.3146E-01  0.1006E+00  0.1964E-01
     6  0.1100E+02  0.0000E+00  0.4143E-02  0.9696E-02  0.1716E-06  0.9138E-01  0.2180E+00  0.3852E+00  0.2666E+00  0.1042E+01  0.2652E+00  0.1794E+04  0.1794E+04  0.1794E+04  0.2651E-02  0.1458E-01  0.2645E-09  0.5202E+00  0.5187E-08  0.1363E-01 -0.7606E-02 -0.4192E-02 -0.8347E-01  0.1486E-01  0.8192E-01  0.2783E-01
     7  0.1320E+02  0.0000E+00  0.4009E-02  0.9530E-02  0.1554E-06  0.1005E+00  0.2180E+00  0.3531E+00  0.1468E+00  0.6763E+00  0.2722E+00  0.1773E+04  0.1773E+04  0.1773E+04  0.2802E-02  0.1779E-01  0.2088E-09  0.5861E+00  0.2609E-08  0.1680E-01  0.5821E-02  0.2625E-02  0.5000E-01  0.1444E-01  0.6125E-01  0.1278E-01
     8  0.1540E+02  0.0000E+00  0.3980E-02  0.9846E-02  0.1579E-06  0.9433E-01  0.2169E+00  0.3760E+00  0.1225E+00  0.5877E+00 -0.4251E-01  0.1771E+04  0.1771E+04  0.1771E+04  0.2506E-02  0.1867E-01  0.1976E-09  0.5893E+00  0.1466E-08  0.1763E-01 -0.4844E-02 -0.7372E-03 -0.3896E-01 -0.3052E-01  0.5452E-01  0.8589E-02
     9  0.1760E+02  0.0000E+00  0.3872E-02  0.1009E-01  0.1598E-06  0.9410E-01  0.2146E+00  0.3833E+00  0.1323E+00  0.7274E+00 -0.2267E+00  0.1775E+04  0.1775E+04  0.1775E+04  0.2520E-02  0.1754E-01  0.2236E-09  0.6223E+00  0.4765E-09  0.1631E-01 -0.1231E-02 -0.5341E-03  0.1180E-01  0.2268E-01  0.6516E-01  0.5731E-02
    10  0.1980E+02  0.0000E+00  0.3747E-02  0.1001E-01  0.1482E-06  0.8703E-01  0.2112E+00  0.3752E+00  0.1936E+00  0.9199E+00 -0.8268E-01  0.1776E+04  0.1776E+04  0.1776E+04  0.2303E-02  0.1509E-01  0.2534E-09  0.5335E+00 -0.9699E-09  0.1399E-01  0.4740E-02  0.9541E-03 -0.1050E-01  0.1811E-02  0.6464E-01  0.1148E-01
    11  0.2200E+02  0.0000E+00  0.3587E-02  0.9741E-02  0.1322E-06  0.7598E-01  0.2082E+00  0.3376E+00  0.1300E+00  0.8587E+00  0.2225E+00  0.1765E+04  0.1765E+04  0.1765E+04  0.2008E-02  0.1523E-01  0.2446E-09  0.4693E+00 -0.1924E-08  0.1443E-01 -0.7736E-02 -0.1780E-02 -0.1068E-02  0.1628E-02  0.6401E-01  0.1965E-01
    12  0.2420E+02  0.0000E+00  0.3490E-02  0.1007E-01  0.1242E-06  0.8142E-01  0.2073E+00  0.3457E+00  0.7596E-01  0.6126E+00  0.1494E+00  0.1764E+04  0.1764E+04  0.1764E+04  0.2199E-02  0.1741E-01  0.2104E-09  0.3206E+00 -0.1399E-08  0.1709E-01  0.3370E-02  0.1584E-02  0.1488E-01  0.1233E-01  0.4069E-01  0.5563E-02
    13  0.2640E+02  0.0000E+00  0.3408E-02  0.1019E-01  0.1160E-06  0.7882E-01  0.2090E+00  0.3704E+00  0.1544E+00  0.6571E+00 -0.2356E+00  0.1760E+04  0.1760E+04  0.1760E+04  0.2076E-02  0.1712E-01  0.2175E-09  0.2206E+00 -0.3859E-09  0.1696E-01  0.1372E-02 -0.1734E-02 -0.4027E-01 -0.2391E-01  0.3263E-01  0.3362E-02
    14  0.2860E+02  0.0000E+00  0.3300E-02  0.1020E-01  0.1106E-06  0.8592E-01  0.2115E+00  0.3651E+00  0.1590E+00  0.9769E+00 -0.3545E+00  0.1753E+04  0.1753E+04  0.1753E+04  0.2210E-02  0.1464E-01  0.2637E-09  0.1965E+00  0.1742E-08  0.1450E-01 -0.5511E-02  0.1448E-02 -0.8634E-04  0.4476E-01  0.3582E-01  0.1115E-01
    15  0.3080E+02  0.0000E+00  0.3163E-02  0.1087E-01  0.1094E-06  0.9206E-01  0.2131E+00  0.3634E+00  0.1590E+00  0.1147E+01 -0.1071E+00  0.1748E+04  0.1748E+04  0.1748E+04  0.2150E-02  0.1343E-01  0.2944E-09  0.2708E+00  0.3078E-08  0.1316E-01  0.5379E-02 -0.1296E-02  0.1953E-01 -0.5952E-01  0.3839E-01  0.1295E-01
    16  0.3300E+02  0.0000E+00  0.3062E-02  0.1108E-01  0.1051E-06  0.9171E-01  0.2137E+00  0.3683E+00  0.8127E-01  0.9595E+00  0.1621E+00  0.1724E+04  0.1724E+04  0.1724E+04  0.2096E-02  0.1511E-01  0.2719E-09  0.3802E+00  0.3479E-08  0.1466E-01 -0.5484E-02  0.6338E-03 -0.4371E-01  0.5064E-01  0.5508E-01  0.1220E-01
    17  0.3520E+02  0.0000E+00  0.2994E-02  0.1126E-01  0.1025E-06  0.9742E-01  0.2138E+00  0.3898E+00  0.1313E+00  0.7179E+00  0.1475E+00  0.1706E+04  0.1706E+04  0.1706E+04  0.2033E-02  0.1758E-01  0.2370E-09  0.4424E+00  0.3082E-08  0.1706E-01  0.1160E-02 -0.4565E-03  0.3804E-01 -0.1749E-01  0.4688E-01  0.4037E-02
    18  0.3740E+02  0.0000E+00  0.2908E-02  0.1127E-01  0.9722E-07  0.1026E+00  0.2133E+00  0.3902E+00  0.2188E+00  0.6659E+00 -0.3915E-01  0.1698E+04  0.1698E+04  0.1698E+04  0.2135E-02  0.1823E-01  0.2276E-09  0.5389E+00  0.1807E-08  0.1751E-01  0.6122E-03 -0.6860E-03 -0.3562E-01  0.9738E-02  0.4588E-01  0.4030E-02
    19  0.3960E+02  0.0000E+00  0.2798E-02  0.1134E-01  0.9201E-07  0.1011E+00  0.2120E+00  0.3541E+00  0.2042E+00  0.7524E+00 -0.1358E+00  0.1694E+04  0.1694E+04  0.1694E+04  0.2035E-02  0.1752E-01  0.2430E-09  0.6058E+00  0.2981E-09  0.1660E-01 -0.3901E-02  0.1221E-02  0.2030E-01 -0.4703E-03  0.5186E-01  0.7047E-02
    20  0.4180E+02  0.0000E+00  0.2766E-02  0.1119E-01  0.8816E-07  0.1030E+00  0.2103E+00  0.3426E+00  0.1113E+00  0.8431E+00 -0.4912E-01  0.1691E+04  0.1691E+04  0.1691E+04  0.2001E-02  0.1613E-01  0.2574E-09  0.5152E+00 -0.1586E-08  0.1536E-01  0.2863E-02 -0.1369E-02 -0.3585E-01 -0.4966E-02  0.4483E-01  0.5597E-02
    21  0.4400E+02  0.0000E+00  0.2702E-02  0.1121E-01  0.8352E-07  0.9752E-01  0.2090E+00  0.3594E+00  0.8446E-01  0.7913E+00  0.9393E-01  0.1685E+04  0.1685E+04  0.1685E+04  0.1890E-02  0.1629E-01  0.2515E-09  0.3964E+00 -0.2551E-08  0.1586E-01 -0.1621E-02  0.3015E-03  0.5133E-02  0.9312E-03  0.2237E-01  0.2387E-02
    22  0.4620E+02  0.0000E+00  0.2630E-02  0.1120E-01  0.7811E-07  0.9538E-01  0.2086E+00  0.3475E+00  0.1306E+00  0.6688E+00  0.4202E-01  0.1678E+04  0.1678E+04  0.1678E+04  0.1769E-02  0.1729E-01  0.2311E-09  0.2375E+00 -0.1992E-08  0.1715E-01 -0.2051E-02  0.1171E-02 -0.3567E-05  0.3617E-02  0.1925E-01  0.2357E-02
    23  0.4840E+02  0.0000E+00  0.2542E-02  0.1125E-01  0.7223E-07  0.8979E-01  0.2093E+00  0.3404E+00  0.8911E-01  0.7137E+00 -0.1317E+00  0.1677E+04  0.1677E+04  0.1677E+04  0.1597E-02  0.1685E-01  0.2380E-09  0.1209E+00 -0.3870E-09  0.1681E-01  0.1890E-02 -0.2872E-02 -0.5147E-02  0.3177E-02  0.1366E-01  0.3176E-02
    24  0.5060E+02  0.0000E+00  0.2469E-02  0.1151E-01  0.7036E-07  0.8629E-01  0.2104E+00  0.3598E+00  0.9684E-01  0.8619E+00 -0.1637E+00  0.1672E+04  0.1672E+04  0.1672E+04  0.1600E-02  0.1564E-01  0.2650E-09  0.1187E+00  0.3288E-08  0.1560E-01 -0.2491E-02  0.2115E-02 -0.9061E-02  0.1668E-01  0.7634E-02  0.2928E-02
    25  0.5280E+02  0.0000E+00  0.2426E-02  0.1227E-01  0.7339E-07  0.9161E-01  0.2108E+00  0.3599E+00  0.9863E-01  0.9328E+00 -0.5847E-01  0.1667E+04  0.1667E+04  0.1667E+04  0.1564E-02  0.1546E-01  0.2860E-09  0.2444E+00  0.5279E-08  0.1533E-01  0.6388E-03 -0.8472E-03 -0.4350E-02 -0.2040E-01  0.3428E-01  0.2328E-02
    26  0.5500E+02  0.0000E+00  0.2338E-02  0.1264E-01  0.7081E-07  0.9596E-01  0.2110E+00  0.3769E+00  0.1419E+00  0.8509E+00  0.3851E-01  0.1650E+04  0.1650E+04  0.1650E+04  0.1629E-02  0.1664E-01  0.2770E-09  0.4299E+00  0.5268E-08  0.1628E-01 -0.6455E-03 -0.7696E-03 -0.1558E-01  0.1229E-01  0.2868E-01  0.2402E-02
    27  0.5720E+02  0.0000E+00  0.2279E-02  0.1317E-01  0.7038E-07  0.9643E-01  0.2108E+00  0.3538E+00  0.1422E+00  0.7665E+00 -0.1847E-01  0.1636E+04  0.1636E+04  0.1636E+04  0.1576E-02  0.1797E-01  0.2675E-09  0.5122E+00  0.4143E-08  0.1749E-01 -0.1322E-02  0.1568E-02  0.2254E-02 -0.1077E-01  0.3775E-01  0.3619E-02
    28  0.5940E+02  0.0000E+00  0.2193E-02  0.1261E-01  0.6262E-07  0.1025E+00  0.2108E+00  0.3591E+00  0.1330E+00  0.7612E+00 -0.8369E-01  0.1616E+04  0.1616E+04  0.1616E+04  0.1581E-02  0.1797E-01  0.2589E-09  0.6596E+00  0.9457E-09  0.1724E-01  0.5101E-03 -0.1581E-02 -0.1420E-01  0.6681E-02  0.3680E-01  0.3295E-02
    29  0.6160E+02  0.0000E+00  0.2135E-02  0.1277E-01  0.5998E-07  0.9968E-01  0.2103E+00  0.3582E+00  0.1455E+00  0.8375E+00 -0.9745E-01  0.1612E+04  0.1612E+04  0.1612E+04  0.1532E-02  0.1723E-01  0.2738E-09  0.6501E+00 -0.1232E-08  0.1652E-01 -0.1370E-02  0.1213E-03  0.6532E-03 -0.3874E-03  0.3472E-01  0.2907E-02
    30  0.6380E+02  0.0000E+00  0.2079E-02  0.1272E-01  0.5652E-07  0.1009E+00  0.2095E+00  0.3520E+00  0.1228E+00  0.8637E+00 -0.2307E-01  0.1604E+04  0.1604E+04  0.1604E+04  0.1495E-02  0.1668E-01  0.2790E-09  0.5823E+00 -0.3001E-08  0.1612E-01 -0.3552E-03  0.9156E-03 -0.6184E-02 -0.9659E-03  0.3355E-01  0.2439E-02
    31  0.6600E+02  0.0000E+00  0.2048E-02  0.1275E-01  0.5407E-07  0.9769E-01  0.2088E+00  0.3486E+00  0.8905E-01  0.7968E+00  0.3344E-01  0.1592E+04  0.1592E+04  0.1592E+04  0.1405E-02  0.1701E-01  0.2691E-09  0.3875E+00 -0.3174E-08  0.1677E-01 -0.6480E-04 -0.1761E-02 -0.1519E-01 -0.5422E-02  0.2883E-01  0.2355E-02
