 #NTuple/Z0                                                                      
 # output from Ecalc9f version   2.09
 # settings: 
 #   particle type:            2
 #   pzmin/pzmax:    0.0000000000000000      /   100.00000000000000     
 #   transverse cuts:    0.0000000000000000        0.0000000000000000     
 #   longitudinal cut:    0.0000000000000000     
 #   RF frequency (MHz):    352.00000000000000     
 #   sigma cut:    4.0000000000000000     
 #   subtract out amplitude correlation
 #   wrnew9 =  F

 # regn   Z           Bz          eperp       elong       e6D         Ldim        Pzavg       beta        alpha       betaL       alphaL      n0          n1          n2          Lcan(eVs)   sigmaE      sigmaT      corrE       corrT       sigmaE_c    xavg        yavg        Dx          Dy          Dr          Dr2
     1  0.0000E+00  0.0000E+00  0.5129E-02  0.9991E-02  0.2625E-06 -0.2335E-01  0.2082E+00  0.3786E+00  0.6569E-02  0.8610E+00  0.2623E+00  0.5360E+05  0.5360E+05  0.5360E+05 -0.3261E-03  0.1474E-01  0.2472E-09  0.5334E-01 -0.5487E-09  0.1473E-01 -0.6568E-02 -0.1108E-01 -0.6337E-02 -0.1776E-02 -0.8373E-02  0.4140E-01
     2  0.2200E+01  0.0000E+00  0.5163E-02  0.1029E-01  0.2774E-06 -0.2295E-01  0.2079E+00  0.3559E+00  0.1399E+00  0.6308E+00  0.1009E+00  0.5323E+05  0.5323E+05  0.5323E+05 -0.1428E-02  0.1696E-01  0.2209E-09  0.1716E-01  0.4038E-08  0.1696E-01 -0.7835E-02 -0.7961E-02 -0.4326E-01  0.3126E-02  0.6392E-01  0.2967E-01
     3  0.4400E+01  0.0000E+00  0.5001E-02  0.1087E-01  0.2908E-06 -0.1890E-01  0.2108E+00  0.3658E+00  0.1549E+00  0.7511E+00 -0.2997E+00  0.5291E+05  0.5291E+05  0.5291E+05 -0.1468E-02  0.1681E-01  0.2564E-09  0.9889E-01  0.7082E-08  0.1675E-01 -0.3948E-02 -0.1167E-01 -0.5207E-01  0.1086E-01  0.5843E-01  0.3593E-01
     4  0.6600E+01  0.0000E+00  0.4778E-02  0.1072E-01  0.2676E-06 -0.3220E-01  0.2142E+00  0.3904E+00  0.1817E+00  0.1147E+01 -0.4817E+00  0.5220E+05  0.5220E+05  0.5220E+05 -0.7621E-03  0.1476E-01  0.3061E-09  0.2361E+00  0.8198E-08  0.1448E-01 -0.7728E-02 -0.1001E-01 -0.1046E+00  0.2770E-01  0.6354E-01  0.4915E-01
     5  0.8800E+01  0.0000E+00  0.4536E-02  0.1038E-01  0.2388E-06 -0.3141E-01  0.2167E+00  0.3827E+00  0.1825E+00  0.1378E+01 -0.2804E+00  0.5111E+05  0.5111E+05  0.5111E+05 -0.1149E-02  0.1302E-01  0.3199E-09  0.3858E+00  0.6969E-08  0.1226E-01 -0.7695E-02 -0.8675E-02  0.7935E-03 -0.2722E-01  0.1041E+00  0.5597E-01
     6  0.1100E+02  0.0000E+00  0.4380E-02  0.1056E-01  0.2175E-06 -0.3227E-01  0.2180E+00  0.3859E+00  0.1697E+00  0.1187E+01  0.1093E+00  0.5008E+05  0.5008E+05  0.5008E+05 -0.1255E-02  0.1401E-01  0.2938E-09  0.4749E+00  0.4752E-08  0.1295E-01 -0.9467E-02 -0.1128E-01 -0.8333E-01  0.2604E-01  0.1019E+00  0.7476E-01
     7  0.1320E+02  0.0000E+00  0.4207E-02  0.1046E-01  0.1956E-06 -0.3413E-01  0.2184E+00  0.3913E+00  0.1897E+00  0.8601E+00  0.2409E+00  0.4922E+05  0.4922E+05  0.4922E+05 -0.1118E-02  0.1657E-01  0.2465E-09  0.5230E+00  0.2799E-08  0.1551E-01 -0.7010E-02 -0.9612E-02 -0.3959E-01 -0.1027E-01  0.7324E-01  0.3724E-01
     8  0.1540E+02  0.0000E+00  0.4131E-02  0.1015E-01  0.1796E-06 -0.3512E-01  0.2179E+00  0.3806E+00  0.1960E+00  0.6583E+00  0.5909E-01  0.4874E+05  0.4874E+05  0.4874E+05 -0.1174E-02  0.1792E-01  0.2118E-09  0.5047E+00  0.1634E-08  0.1698E-01 -0.8566E-02 -0.9271E-02 -0.7445E-01  0.7599E-02  0.7598E-01  0.3630E-01
     9  0.1760E+02  0.0000E+00  0.4022E-02  0.1026E-01  0.1740E-06 -0.3554E-01  0.2166E+00  0.3786E+00  0.1547E+00  0.7350E+00 -0.1542E+00  0.4867E+05  0.4867E+05  0.4867E+05 -0.1319E-02  0.1718E-01  0.2253E-09  0.4884E+00  0.8612E-09  0.1626E-01 -0.7538E-02 -0.1131E-01 -0.3621E-01  0.3456E-02  0.6554E-01  0.4270E-01
    10  0.1980E+02  0.0000E+00  0.3962E-02  0.1002E-01  0.1646E-06 -0.3857E-01  0.2144E+00  0.3872E+00  0.1711E+00  0.9116E+00 -0.1339E+00  0.4853E+05  0.4853E+05  0.4853E+05 -0.1146E-02  0.1523E-01  0.2495E-09  0.4631E+00  0.3604E-09  0.1428E-01 -0.6648E-02 -0.8522E-02 -0.8659E-01  0.1410E-01  0.7067E-01  0.3606E-01
    11  0.2200E+02  0.0000E+00  0.3844E-02  0.9784E-02  0.1522E-06 -0.3582E-01  0.2117E+00  0.3634E+00  0.1796E+00  0.9363E+00  0.8824E-01  0.4838E+05  0.4838E+05  0.4838E+05 -0.1101E-02  0.1456E-01  0.2521E-09  0.4307E+00  0.1267E-09  0.1373E-01 -0.6767E-02 -0.1055E-01 -0.3167E-01 -0.1175E-01  0.7281E-01  0.4844E-01
    12  0.2420E+02  0.0000E+00  0.3780E-02  0.9563E-02  0.1396E-06 -0.3468E-01  0.2102E+00  0.3540E+00  0.1254E+00  0.7583E+00  0.2030E+00  0.4817E+05  0.4817E+05  0.4817E+05 -0.1191E-02  0.1585E-01  0.2254E-09  0.3775E+00  0.7904E-10  0.1526E-01 -0.7056E-02 -0.9535E-02 -0.7140E-01  0.1328E-01  0.6247E-01  0.3689E-01
    13  0.2640E+02  0.0000E+00  0.3689E-02  0.9541E-02  0.1309E-06 -0.3528E-01  0.2106E+00  0.3701E+00  0.1363E+00  0.6421E+00  0.4403E-02  0.4800E+05  0.4800E+05  0.4800E+05 -0.1190E-02  0.1665E-01  0.2069E-09  0.3243E+00  0.4289E-09  0.1625E-01 -0.5076E-02 -0.1010E-01 -0.4703E-01 -0.1971E-02  0.4877E-01  0.3010E-01
    14  0.2860E+02  0.0000E+00  0.3633E-02  0.9490E-02  0.1260E-06 -0.3635E-01  0.2124E+00  0.3777E+00  0.1671E+00  0.7774E+00 -0.2350E+00  0.4788E+05  0.4788E+05  0.4788E+05 -0.9524E-03  0.1553E-01  0.2263E-09  0.2745E+00  0.1466E-08  0.1522E-01 -0.7867E-02 -0.9884E-02 -0.7832E-01  0.2158E-01  0.5960E-01  0.4289E-01
    15  0.3080E+02  0.0000E+00  0.3522E-02  0.9563E-02  0.1224E-06 -0.3520E-01  0.2140E+00  0.3843E+00  0.1663E+00  0.1019E+01 -0.2107E+00  0.4773E+05  0.4773E+05  0.4773E+05 -0.1143E-02  0.1375E-01  0.2596E-09  0.3052E+00  0.2620E-08  0.1335E-01 -0.6550E-02 -0.1013E-01 -0.4636E-01 -0.9342E-02  0.6880E-01  0.5026E-01
    16  0.3300E+02  0.0000E+00  0.3438E-02  0.9792E-02  0.1200E-06 -0.3113E-01  0.2148E+00  0.3845E+00  0.1836E+00  0.1055E+01  0.1610E-01  0.4744E+05  0.4744E+05  0.4744E+05 -0.6709E-03  0.1356E-01  0.2670E-09  0.3519E+00  0.3044E-08  0.1302E-01 -0.7896E-02 -0.9394E-02 -0.6047E-01  0.1848E-01  0.7461E-01  0.5376E-01
    17  0.3520E+02  0.0000E+00  0.3360E-02  0.1005E-01  0.1168E-06 -0.3301E-01  0.2149E+00  0.3774E+00  0.1765E+00  0.8917E+00  0.1514E+00  0.4710E+05  0.4710E+05  0.4710E+05 -0.1112E-02  0.1512E-01  0.2489E-09  0.3995E+00  0.3128E-08  0.1452E-01 -0.8245E-02 -0.1068E-01 -0.5721E-01 -0.5939E-02  0.6977E-01  0.5200E-01
    18  0.3740E+02  0.0000E+00  0.3282E-02  0.9972E-02  0.1101E-06 -0.2599E-01  0.2148E+00  0.3773E+00  0.1806E+00  0.7333E+00  0.7231E-01  0.4674E+05  0.4674E+05  0.4674E+05 -0.6921E-03  0.1643E-01  0.2245E-09  0.4314E+00  0.2574E-08  0.1581E-01 -0.6332E-02 -0.9237E-02 -0.6572E-01  0.9090E-02  0.5647E-01  0.3176E-01
    19  0.3960E+02  0.0000E+00  0.3210E-02  0.9864E-02  0.1050E-06 -0.3188E-01  0.2143E+00  0.3692E+00  0.1773E+00  0.7415E+00 -0.7734E-01  0.4654E+05  0.4654E+05  0.4654E+05 -0.7695E-03  0.1627E-01  0.2244E-09  0.4431E+00  0.2083E-08  0.1561E-01 -0.8104E-02 -0.1037E-01 -0.5197E-01 -0.3148E-02  0.5509E-01  0.4248E-01
    20  0.4180E+02  0.0000E+00  0.3140E-02  0.9738E-02  0.9978E-07 -0.2477E-01  0.2132E+00  0.3627E+00  0.1633E+00  0.8466E+00 -0.9518E-01  0.4641E+05  0.4641E+05  0.4641E+05 -0.8245E-03  0.1522E-01  0.2387E-09  0.4549E+00  0.1878E-08  0.1449E-01 -0.7162E-02 -0.9576E-02 -0.6062E-01  0.1859E-01  0.5457E-01  0.4002E-01
    21  0.4400E+02  0.0000E+00  0.3078E-02  0.9568E-02  0.9418E-07 -0.3082E-01  0.2119E+00  0.3612E+00  0.1328E+00  0.8761E+00  0.2916E-01  0.4623E+05  0.4623E+05  0.4623E+05 -0.7363E-03  0.1476E-01  0.2414E-09  0.4651E+00  0.1290E-08  0.1400E-01 -0.5890E-02 -0.1025E-01 -0.5755E-01 -0.1055E-01  0.6135E-01  0.4156E-01
    22  0.4620E+02  0.0000E+00  0.3013E-02  0.9437E-02  0.8780E-07 -0.2168E-01  0.2110E+00  0.3675E+00  0.1324E+00  0.7791E+00  0.1087E+00  0.4600E+05  0.4600E+05  0.4600E+05 -0.4622E-03  0.1542E-01  0.2265E-09  0.4383E+00  0.8232E-09  0.1478E-01 -0.7850E-02 -0.9217E-02 -0.6356E-01  0.1248E-01  0.5365E-01  0.3922E-01
    23  0.4840E+02  0.0000E+00  0.2943E-02  0.9275E-02  0.8148E-07 -0.2442E-01  0.2109E+00  0.3654E+00  0.1479E+00  0.6996E+00  0.2059E-01  0.4583E+05  0.4583E+05  0.4583E+05 -0.9494E-03  0.1585E-01  0.2128E-09  0.3931E+00  0.5261E-09  0.1537E-01 -0.5825E-02 -0.1043E-01 -0.5265E-01 -0.1884E-02  0.5160E-01  0.3608E-01
    24  0.5060E+02  0.0000E+00  0.2892E-02  0.9239E-02  0.7777E-07 -0.2074E-01  0.2116E+00  0.3656E+00  0.1468E+00  0.7573E+00 -0.1096E+00  0.4572E+05  0.4572E+05  0.4572E+05 -0.2807E-03  0.1524E-01  0.2205E-09  0.3434E+00  0.9689E-09  0.1487E-01 -0.6806E-02 -0.9843E-02 -0.6755E-01  0.1455E-01  0.4976E-01  0.3883E-01
    25  0.5280E+02  0.0000E+00  0.2838E-02  0.9291E-02  0.7584E-07 -0.2651E-01  0.2124E+00  0.3697E+00  0.1380E+00  0.8804E+00 -0.1069E+00  0.4559E+05  0.4559E+05  0.4559E+05 -0.7859E-03  0.1422E-01  0.2383E-09  0.3334E+00  0.1802E-08  0.1386E-01 -0.7607E-02 -0.9627E-02 -0.5670E-01  0.1670E-02  0.5323E-01  0.4648E-01
    26  0.5500E+02  0.0000E+00  0.2783E-02  0.9431E-02  0.7435E-07 -0.1798E-01  0.2128E+00  0.3749E+00  0.1430E+00  0.9113E+00  0.3211E-02  0.4543E+05  0.4543E+05  0.4543E+05 -0.4767E-03  0.1407E-01  0.2443E-09  0.3546E+00  0.2282E-08  0.1366E-01 -0.6438E-02 -0.1028E-01 -0.6392E-01  0.1444E-02  0.5871E-01  0.4690E-01
    27  0.5720E+02  0.0000E+00  0.2725E-02  0.9604E-02  0.7236E-07 -0.2098E-01  0.2128E+00  0.3733E+00  0.1476E+00  0.8384E+00  0.6775E-01  0.4522E+05  0.4522E+05  0.4522E+05 -0.3770E-03  0.1483E-01  0.2364E-09  0.3786E+00  0.2340E-08  0.1441E-01 -0.7823E-02 -0.9522E-02 -0.5880E-01  0.2713E-02  0.5386E-01  0.4357E-01
    28  0.5940E+02  0.0000E+00  0.2668E-02  0.9619E-02  0.6951E-07 -0.1323E-01  0.2128E+00  0.3681E+00  0.1491E+00  0.7681E+00  0.1889E-01  0.4500E+05  0.4500E+05  0.4500E+05 -0.5787E-03  0.1547E-01  0.2267E-09  0.4015E+00  0.2435E-08  0.1503E-01 -0.7032E-02 -0.9988E-02 -0.6032E-01  0.3671E-02  0.5172E-01  0.3954E-01
    29  0.6160E+02  0.0000E+00  0.2619E-02  0.9498E-02  0.6655E-07 -0.1886E-01  0.2125E+00  0.3673E+00  0.1339E+00  0.7825E+00 -0.5064E-01  0.4482E+05  0.4482E+05  0.4482E+05 -0.3377E-03  0.1530E-01  0.2273E-09  0.4243E+00  0.2159E-08  0.1480E-01 -0.6652E-02 -0.1034E-01 -0.5772E-01  0.7283E-02  0.4964E-01  0.4068E-01
    30  0.6380E+02  0.0000E+00  0.2578E-02  0.9399E-02  0.6380E-07 -0.1425E-01  0.2120E+00  0.3692E+00  0.1363E+00  0.8342E+00 -0.4198E-01  0.4466E+05  0.4466E+05  0.4466E+05 -0.3489E-03  0.1474E-01  0.2337E-09  0.4312E+00  0.2090E-08  0.1423E-01 -0.7613E-02 -0.9187E-02 -0.6114E-01  0.1791E-02  0.5508E-01  0.4137E-01
    31  0.6600E+02  0.0000E+00  0.2527E-02  0.9277E-02  0.6067E-07 -0.1688E-01  0.2113E+00  0.3673E+00  0.1325E+00  0.8302E+00  0.3521E-01  0.4447E+05  0.4447E+05  0.4447E+05 -0.5576E-03  0.1468E-01  0.2319E-09  0.4439E+00  0.1675E-08  0.1414E-01 -0.6277E-02 -0.1041E-01 -0.5608E-01  0.1272E-02  0.5442E-01  0.4294E-01
