#NTuple/Z0
#Units are ns, meters, GeV/c, Tesla, and V/m
#IEVT IPNUM IPTYP IPFLG JSRG T X Y Z Px Py Pz Bx By Bz Weight Ex Ey Ez SARC POLx POLy POLz
0 1 2 0 1 0 -0.00632109 -0.0110712 0 0 0 0.204 0 0 0 1.0000 0 0 0 0   0 0 0
1 1 2 0 1 2.82856e-10 0.0126349 -0.0349462 0 0.0186238 -0.0144536 0.227102 -0.0329556 0.146922 2.16809 1.0000 0 0 0 0   0 0 0
2 1 2 0 1 2.82856e-10 0.0126349 -0.0349462 0 0.0186238 -0.0144536 0.227102 -0.0329556 0.146922 2.16809 1.0000 0 0 0 0   0 0 0
3 1 2 0 1 2.82856e-10 0.0126349 -0.0349462 0 0.0186238 -0.0144536 0.227102 -0.0329556 0.146922 2.16809 1.0000 0 0 0 0   0 0 0
4 1 2 0 1 2.82856e-10 0.0126349 -0.0349462 0 0.0186238 -0.0144536 0.227102 -0.0329556 0.146922 2.16809 1.0000 0 0 0 0   0 0 0
5 1 2 0 1 2.82856e-10 0.0126349 -0.0349462 0 0.0186238 -0.0144536 0.227102 -0.0329556 0.146922 2.16809 1.0000 0 0 0 0   0 0 0
6 1 2 0 1 2.82856e-10 0.0126349 -0.0349462 0 0.0186238 -0.0144536 0.227102 -0.0329556 0.146922 2.16809 1.0000 0 0 0 0   0 0 0
7 1 2 0 1 2.82856e-10 0.0126349 -0.0349462 0 0.0186238 -0.0144536 0.227102 -0.0329556 0.146922 2.16809 1.0000 0 0 0 0   0 0 0
8 1 2 0 1 2.82856e-10 0.0126349 -0.0349462 0 0.0186238 -0.0144536 0.227102 -0.0329556 0.146922 2.16809 1.0000 0 0 0 0   0 0 0
9 1 2 0 1 2.82856e-10 0.0126349 -0.0349462 0 0.0186238 -0.0144536 0.227102 -0.0329556 0.146922 2.16809 1.0000 0 0 0 0   0 0 0
10 1 2 0 1 2.82856e-10 0.0126349 -0.0349462 0 0.0186238 -0.0144536 0.227102 -0.0329556 0.146922 2.16809 1.0000 0 0 0 0   0 0 0
