#NTuple/Z0
#Units are ns, meters, GeV/c, Tesla, and V/m
#IEVT IPNUM IPTYP IPFLG JSRG T X Y Z Px Py Pz Bx By Bz Weight Ex Ey Ez SARC POLx POLy POLz
0 1 2 0 1 0 -0.00632109 -0.0110712 0 0 0 0.204 0 0 0 1.0000 0 0 0 0   0 0 0
0 1 2 0 2 8.26428e-09 -0.00632109 -0.0110712 2.2 0 0 0.204 0 0 0 1.0000 0 0 0 0   0 0 0
0 1 2 0 3 1.65286e-08 -0.00632109 -0.0110712 4.4 0 0 0.204 0 0 0 1.0000 0 0 0 0   0 0 0
0 1 2 0 4 2.47929e-08 -0.00632109 -0.0110712 6.6 0 0 0.204 0 0 0 1.0000 0 0 0 0   0 0 0
0 1 2 0 5 3.30571e-08 -0.00632109 -0.0110712 8.8 0 0 0.204 0 0 0 1.0000 0 0 0 0   0 0 0
0 1 2 0 6 4.13214e-08 -0.00632109 -0.0110712 11 0 0 0.204 0 0 0 1.0000 0 0 0 0   0 0 0
0 1 2 0 7 4.95857e-08 -0.00632109 -0.0110712 13.2 0 0 0.204 0 0 0 1.0000 0 0 0 0   0 0 0
0 1 2 0 8 5.785e-08 -0.00632109 -0.0110712 15.4 0 0 0.204 0 0 0 1.0000 0 0 0 0   0 0 0
0 1 2 0 9 6.61143e-08 -0.00632109 -0.0110712 17.6 0 0 0.204 0 0 0 1.0000 0 0 0 0   0 0 0
0 1 2 0 10 7.43786e-08 -0.00632109 -0.0110712 19.8 0 0 0.204 0 0 0 1.0000 0 0 0 0   0 0 0
0 1 2 0 11 8.26428e-08 -0.00632109 -0.0110712 22 0 0 0.204 0 0 0 1.0000 0 0 0 0   0 0 0
0 1 2 0 12 9.09071e-08 -0.00632109 -0.0110712 24.2 0 0 0.204 0 0 0 1.0000 0 0 0 0   0 0 0
0 1 2 0 13 9.91714e-08 -0.00632109 -0.0110712 26.4 0 0 0.204 0 0 0 1.0000 0 0 0 0   0 0 0
0 1 2 0 14 1.07436e-07 -0.00632109 -0.0110712 28.6 0 0 0.204 0 0 0 1.0000 0 0 0 0   0 0 0
0 1 2 0 15 1.157e-07 -0.00632109 -0.0110712 30.8 0 0 0.204 0 0 0 1.0000 0 0 0 0   0 0 0
0 1 2 0 16 1.23964e-07 -0.00632109 -0.0110712 33 0 0 0.204 0 0 0 1.0000 0 0 0 0   0 0 0
0 1 2 0 17 1.32229e-07 -0.00632109 -0.0110712 35.2 0 0 0.204 0 0 0 1.0000 0 0 0 0   0 0 0
0 1 2 0 18 1.40493e-07 -0.00632109 -0.0110712 37.4 0 0 0.204 0 0 0 1.0000 0 0 0 0   0 0 0
0 1 2 0 19 1.48757e-07 -0.00632109 -0.0110712 39.6 0 0 0.204 0 0 0 1.0000 0 0 0 0   0 0 0
0 1 2 0 20 1.57021e-07 -0.00632109 -0.0110712 41.8 0 0 0.204 0 0 0 1.0000 0 0 0 0   0 0 0
0 1 2 0 21 1.65286e-07 -0.00632109 -0.0110712 44 0 0 0.204 0 0 0 1.0000 0 0 0 0   0 0 0
0 1 2 0 22 1.7355e-07 -0.00632109 -0.0110712 46.2 0 0 0.204 0 0 0 1.0000 0 0 0 0   0 0 0
0 1 2 0 23 1.81814e-07 -0.00632109 -0.0110712 48.4 0 0 0.204 0 0 0 1.0000 0 0 0 0   0 0 0
0 1 2 0 24 1.90079e-07 -0.00632109 -0.0110712 50.6 0 0 0.204 0 0 0 1.0000 0 0 0 0   0 0 0
0 1 2 0 25 1.98343e-07 -0.00632109 -0.0110712 52.8 0 0 0.204 0 0 0 1.0000 0 0 0 0   0 0 0
0 1 2 0 26 2.06607e-07 -0.00632109 -0.0110712 55 0 0 0.204 0 0 0 1.0000 0 0 0 0   0 0 0
0 1 2 0 27 2.14871e-07 -0.00632109 -0.0110712 57.2 0 0 0.204 0 0 0 1.0000 0 0 0 0   0 0 0
0 1 2 0 28 2.23136e-07 -0.00632109 -0.0110712 59.4 0 0 0.204 0 0 0 1.0000 0 0 0 0   0 0 0
0 1 2 0 29 2.314e-07 -0.00632109 -0.0110712 61.6 0 0 0.204 0 0 0 1.0000 0 0 0 0   0 0 0
0 1 2 0 30 2.39664e-07 -0.00632109 -0.0110712 63.8 0 0 0.204 0 0 0 1.0000 0 0 0 0   0 0 0
0 1 2 0 31 2.47929e-07 -0.00632109 -0.0110712 66 0 0 0.204 0 0 0 1.0000 0 0 0 0   0 0 0
